0000000
1111001
0000011
1111010
0000110
1111111
0000101
1111100
0001111
1110110
0001100
1110101
0001001
1110000
0001010
1110011
0011000
1100001
0011011
1100010
0011110
1100111
0011101
1100100
0010111
1101110
0010100
1101101
0010001
1101000
0010010
1101011
0100100
1011101
0100111
1011110
0100010
1011011
0100001
1011000
0101011
1010010
0101000
1010001
0101101
1010100
0101110
1010111
0111100
1000101
0111111
1000110
0111010
1000011
0111001
1000000
0110011
1001010
0110000
1001001
0110101
1001100
0110110
1001111
1100000
0011001
1100011
0011010
1100110
0011111
1100101
0011100
1101111
0010110
1101100
0010101
1101001
0010000
1101010
0010011
1111000
0000001
1111011
0000010
1111110
0000111
1111101
0000100
1110111
0001110
1110100
0001101
1110001
0001000
1110010
0001011
1000100
0111101
1000111
0111110
1000010
0111011
1000001
0111000
1001011
0110010
1001000
0110001
1001101
0110100
1001110
0110111
1011100
0100101
1011111
0100110
1011010
0100011
1011001
0100000
1010011
0101010
1010000
0101001
1010101
0101100
1010110
0101111
