0000000
1100001
0000011
1100010
0000110
1100111
0000101
1100100
0001100
1101101
0001111
1101110
0001010
1101011
0001001
1101000
0011000
1111001
0011011
1111010
0011110
1111111
0011101
1111100
0010100
1110101
0010111
1110110
0010010
1110011
0010001
1110000
0110011
1010010
0110000
1010001
0110101
1010100
0110110
1010111
0111111
1011110
0111100
1011101
0111001
1011000
0111010
1011011
0101011
1001010
0101000
1001001
0101101
1001100
0101110
1001111
0100111
1000110
0100100
1000101
0100001
1000000
0100010
1000011
1100000
0000001
1100011
0000010
1100110
0000111
1100101
0000100
1101100
0001101
1101111
0001110
1101010
0001011
1101001
0001000
1111000
0011001
1111011
0011010
1111110
0011111
1111101
0011100
1110100
0010101
1110111
0010110
1110010
0010011
1110001
0010000
1010011
0110010
1010000
0110001
1010101
0110100
1010110
0110111
1011111
0111110
1011100
0111101
1011001
0111000
1011010
0111011
1001011
0101010
1001000
0101001
1001101
0101100
1001110
0101111
1000111
0100110
1000100
0100101
1000001
0100000
1000010
0100011
