0000000
1000001
0000011
1000010
0000110
1000111
0000101
1000100
0001100
1001101
0001111
1001110
0001010
1001011
0001001
1001000
0011000
1011001
0011011
1011010
0011110
1011111
0011101
1011100
0010100
1010101
0010111
1010110
0010010
1010011
0010001
1010000
0110000
1110001
0110011
1110010
0110110
1110111
0110101
1110100
0111100
1111101
0111111
1111110
0111010
1111011
0111001
1111000
0101000
1101001
0101011
1101010
0101110
1101111
0101101
1101100
0100100
1100101
0100111
1100110
0100010
1100011
0100001
1100000
0011111
1011110
0011100
1011101
0011001
1011000
0011010
1011011
0010011
1010010
0010000
1010001
0010101
1010100
0010110
1010111
0000111
1000110
0000100
1000101
0000001
1000000
0000010
1000011
0001011
1001010
0001000
1001001
0001101
1001100
0001110
1001111
0101111
1101110
0101100
1101101
0101001
1101000
0101010
1101011
0100011
1100010
0100000
1100001
0100101
1100100
0100110
1100111
0110111
1110110
0110100
1110101
0110001
1110000
0110010
1110011
0111011
1111010
0111000
1111001
0111101
1111100
0111110
1111111
