00000000
11111101
00000011
11111110
00000101
11111000
00000110
11111011
00001100
11110001
00001111
11110010
00001001
11110100
00001010
11110111
00011000
11100101
00011011
11100110
00011101
11100000
00011110
11100011
00010100
11101001
00010111
11101010
00010001
11101100
00010010
11101111
00110000
11001101
00110011
11001110
00110101
11001000
00110110
11001011
00111100
11000001
00111111
11000010
00111001
11000100
00111010
11000111
00101000
11010101
00101011
11010110
00101101
11010000
00101110
11010011
00100100
11011001
00100111
11011010
00100001
11011100
00100010
11011111
01100000
10011101
01100011
10011110
01100101
10011000
01100110
10011011
01101100
10010001
01101111
10010010
01101001
10010100
01101010
10010111
01111000
10000101
01111011
10000110
01111101
10000000
01111110
10000011
01110100
10001001
01110111
10001010
01110001
10001100
01110010
10001111
01010000
10101101
01010011
10101110
01010101
10101000
01010110
10101011
01011100
10100001
01011111
10100010
01011001
10100100
01011010
10100111
01001000
10110101
01001011
10110110
01001101
10110000
01001110
10110011
01000100
10111001
01000111
10111010
01000001
10111100
01000010
10111111
11000000
00111101
11000011
00111110
11000101
00111000
11000110
00111011
11001100
00110001
11001111
00110010
11001001
00110100
11001010
00110111
11011000
00100101
11011011
00100110
11011101
00100000
11011110
00100011
11010100
00101001
11010111
00101010
11010001
00101100
11010010
00101111
11110000
00001101
11110011
00001110
11110101
00001000
11110110
00001011
11111100
00000001
11111111
00000010
11111001
00000100
11111010
00000111
11101000
00010101
11101011
00010110
11101101
00010000
11101110
00010011
11100100
00011001
11100111
00011010
11100001
00011100
11100010
00011111
10100000
01011101
10100011
01011110
10100101
01011000
10100110
01011011
10101100
01010001
10101111
01010010
10101001
01010100
10101010
01010111
10111000
01000101
10111011
01000110
10111101
01000000
10111110
01000011
10110100
01001001
10110111
01001010
10110001
01001100
10110010
01001111
10010000
01101101
10010011
01101110
10010101
01101000
10010110
01101011
10011100
01100001
10011111
01100010
10011001
01100100
10011010
01100111
10001000
01110101
10001011
01110110
10001101
01110000
10001110
01110011
10000100
01111001
10000111
01111010
10000001
01111100
10000010
01111111
