00000000
11000001
00000011
11000010
00000110
11000111
00000101
11000100
00001100
11001101
00001111
11001110
00001010
11001011
00001001
11001000
00011000
11011001
00011011
11011010
00011110
11011111
00011101
11011100
00010100
11010101
00010111
11010110
00010010
11010011
00010001
11010000
00110000
11110001
00110011
11110010
00110110
11110111
00110101
11110100
00111100
11111101
00111111
11111110
00111010
11111011
00111001
11111000
00101000
11101001
00101011
11101010
00101110
11101111
00101101
11101100
00100100
11100101
00100111
11100110
00100010
11100011
00100001
11100000
01100011
10100010
01100000
10100001
01100101
10100100
01100110
10100111
01101111
10101110
01101100
10101101
01101001
10101000
01101010
10101011
01111011
10111010
01111000
10111001
01111101
10111100
01111110
10111111
01110111
10110110
01110100
10110101
01110001
10110000
01110010
10110011
01010011
10010010
01010000
10010001
01010101
10010100
01010110
10010111
01011111
10011110
01011100
10011101
01011001
10011000
01011010
10011011
01001011
10001010
01001000
10001001
01001101
10001100
01001110
10001111
01000111
10000110
01000100
10000101
01000001
10000000
01000010
10000011
11000000
00000001
11000011
00000010
11000110
00000111
11000101
00000100
11001100
00001101
11001111
00001110
11001010
00001011
11001001
00001000
11011000
00011001
11011011
00011010
11011110
00011111
11011101
00011100
11010100
00010101
11010111
00010110
11010010
00010011
11010001
00010000
11110000
00110001
11110011
00110010
11110110
00110111
11110101
00110100
11111100
00111101
11111111
00111110
11111010
00111011
11111001
00111000
11101000
00101001
11101011
00101010
11101110
00101111
11101101
00101100
11100100
00100101
11100111
00100110
11100010
00100011
11100001
00100000
10100011
01100010
10100000
01100001
10100101
01100100
10100110
01100111
10101111
01101110
10101100
01101101
10101001
01101000
10101010
01101011
10111011
01111010
10111000
01111001
10111101
01111100
10111110
01111111
10110111
01110110
10110100
01110101
10110001
01110000
10110010
01110011
10010011
01010010
10010000
01010001
10010101
01010100
10010110
01010111
10011111
01011110
10011100
01011101
10011001
01011000
10011010
01011011
10001011
01001010
10001000
01001001
10001101
01001100
10001110
01001111
10000111
01000110
10000100
01000101
10000001
01000000
10000010
01000011
