000000000
110000001
000000011
110000010
000000110
110000111
000000101
110000100
000001100
110001101
000001111
110001110
000001010
110001011
000001001
110001000
000011000
110011001
000011011
110011010
000011110
110011111
000011101
110011100
000010100
110010101
000010111
110010110
000010010
110010011
000010001
110010000
000110000
110110001
000110011
110110010
000110110
110110111
000110101
110110100
000111100
110111101
000111111
110111110
000111010
110111011
000111001
110111000
000101000
110101001
000101011
110101010
000101110
110101111
000101101
110101100
000100100
110100101
000100111
110100110
000100010
110100011
000100001
110100000
001100000
111100001
001100011
111100010
001100110
111100111
001100101
111100100
001101100
111101101
001101111
111101110
001101010
111101011
001101001
111101000
001111000
111111001
001111011
111111010
001111110
111111111
001111101
111111100
001110100
111110101
001110111
111110110
001110010
111110011
001110001
111110000
001010000
111010001
001010011
111010010
001010110
111010111
001010101
111010100
001011100
111011101
001011111
111011110
001011010
111011011
001011001
111011000
001001000
111001001
001001011
111001010
001001110
111001111
001001101
111001100
001000100
111000101
001000111
111000110
001000010
111000011
001000001
111000000
011000011
101000010
011000000
101000001
011000101
101000100
011000110
101000111
011001111
101001110
011001100
101001101
011001001
101001000
011001010
101001011
011011011
101011010
011011000
101011001
011011101
101011100
011011110
101011111
011010111
101010110
011010100
101010101
011010001
101010000
011010010
101010011
011110011
101110010
011110000
101110001
011110101
101110100
011110110
101110111
011111111
101111110
011111100
101111101
011111001
101111000
011111010
101111011
011101011
101101010
011101000
101101001
011101101
101101100
011101110
101101111
011100111
101100110
011100100
101100101
011100001
101100000
011100010
101100011
010100011
100100010
010100000
100100001
010100101
100100100
010100110
100100111
010101111
100101110
010101100
100101101
010101001
100101000
010101010
100101011
010111011
100111010
010111000
100111001
010111101
100111100
010111110
100111111
010110111
100110110
010110100
100110101
010110001
100110000
010110010
100110011
010010011
100010010
010010000
100010001
010010101
100010100
010010110
100010111
010011111
100011110
010011100
100011101
010011001
100011000
010011010
100011011
010001011
100001010
010001000
100001001
010001101
100001100
010001110
100001111
010000111
100000110
010000100
100000101
010000001
100000000
010000010
100000011
110000000
000000001
110000011
000000010
110000110
000000111
110000101
000000100
110001100
000001101
110001111
000001110
110001010
000001011
110001001
000001000
110011000
000011001
110011011
000011010
110011110
000011111
110011101
000011100
110010100
000010101
110010111
000010110
110010010
000010011
110010001
000010000
110110000
000110001
110110011
000110010
110110110
000110111
110110101
000110100
110111100
000111101
110111111
000111110
110111010
000111011
110111001
000111000
110101000
000101001
110101011
000101010
110101110
000101111
110101101
000101100
110100100
000100101
110100111
000100110
110100010
000100011
110100001
000100000
111100000
001100001
111100011
001100010
111100110
001100111
111100101
001100100
111101100
001101101
111101111
001101110
111101010
001101011
111101001
001101000
111111000
001111001
111111011
001111010
111111110
001111111
111111101
001111100
111110100
001110101
111110111
001110110
111110010
001110011
111110001
001110000
111010000
001010001
111010011
001010010
111010110
001010111
111010101
001010100
111011100
001011101
111011111
001011110
111011010
001011011
111011001
001011000
111001000
001001001
111001011
001001010
111001110
001001111
111001101
001001100
111000100
001000101
111000111
001000110
111000010
001000011
111000001
001000000
101000011
011000010
101000000
011000001
101000101
011000100
101000110
011000111
101001111
011001110
101001100
011001101
101001001
011001000
101001010
011001011
101011011
011011010
101011000
011011001
101011101
011011100
101011110
011011111
101010111
011010110
101010100
011010101
101010001
011010000
101010010
011010011
101110011
011110010
101110000
011110001
101110101
011110100
101110110
011110111
101111111
011111110
101111100
011111101
101111001
011111000
101111010
011111011
101101011
011101010
101101000
011101001
101101101
011101100
101101110
011101111
101100111
011100110
101100100
011100101
101100001
011100000
101100010
011100011
100100011
010100010
100100000
010100001
100100101
010100100
100100110
010100111
100101111
010101110
100101100
010101101
100101001
010101000
100101010
010101011
100111011
010111010
100111000
010111001
100111101
010111100
100111110
010111111
100110111
010110110
100110100
010110101
100110001
010110000
100110010
010110011
100010011
010010010
100010000
010010001
100010101
010010100
100010110
010010111
100011111
010011110
100011100
010011101
100011001
010011000
100011010
010011011
100001011
010001010
100001000
010001001
100001101
010001100
100001110
010001111
100000111
010000110
100000100
010000101
100000001
010000000
100000010
010000011
