000000000
111100001
000000011
111100010
000000110
111100111
000000101
111100100
000001100
111101101
000001111
111101110
000001010
111101011
000001001
111101000
000011000
111111001
000011011
111111010
000011110
111111111
000011101
111111100
000010100
111110101
000010111
111110110
000010010
111110011
000010001
111110000
000110011
111010010
000110000
111010001
000110101
111010100
000110110
111010111
000111111
111011110
000111100
111011101
000111001
111011000
000111010
111011011
000101011
111001010
000101000
111001001
000101101
111001100
000101110
111001111
000100111
111000110
000100100
111000101
000100001
111000000
000100010
111000011
001100000
110000001
001100011
110000010
001100110
110000111
001100101
110000100
001101100
110001101
001101111
110001110
001101010
110001011
001101001
110001000
001111000
110011001
001111011
110011010
001111110
110011111
001111101
110011100
001110100
110010101
001110111
110010110
001110010
110010011
001110001
110010000
001010011
110110010
001010000
110110001
001010101
110110100
001010110
110110111
001011111
110111110
001011100
110111101
001011001
110111000
001011010
110111011
001001011
110101010
001001000
110101001
001001101
110101100
001001110
110101111
001000111
110100110
001000100
110100101
001000001
110100000
001000010
110100011
010101100
101001101
010101111
101001110
010101010
101001011
010101001
101001000
010100000
101000001
010100011
101000010
010100110
101000111
010100101
101000100
010110100
101010101
010110111
101010110
010110010
101010011
010110001
101010000
010111000
101011001
010111011
101011010
010111110
101011111
010111101
101011100
010011111
101111110
010011100
101111101
010011001
101111000
010011010
101111011
010010011
101110010
010010000
101110001
010010101
101110100
010010110
101110111
010000111
101100110
010000100
101100101
010000001
101100000
010000010
101100011
010001011
101101010
010001000
101101001
010001101
101101100
010001110
101101111
011001100
100101101
011001111
100101110
011001010
100101011
011001001
100101000
011000000
100100001
011000011
100100010
011000110
100100111
011000101
100100100
011010100
100110101
011010111
100110110
011010010
100110011
011010001
100110000
011011000
100111001
011011011
100111010
011011110
100111111
011011101
100111100
011111111
100011110
011111100
100011101
011111001
100011000
011111010
100011011
011110011
100010010
011110000
100010001
011110101
100010100
011110110
100010111
011100111
100000110
011100100
100000101
011100001
100000000
011100010
100000011
011101011
100001010
011101000
100001001
011101101
100001100
011101110
100001111
110000000
001100001
110000011
001100010
110000110
001100111
110000101
001100100
110001100
001101101
110001111
001101110
110001010
001101011
110001001
001101000
110011000
001111001
110011011
001111010
110011110
001111111
110011101
001111100
110010100
001110101
110010111
001110110
110010010
001110011
110010001
001110000
110110011
001010010
110110000
001010001
110110101
001010100
110110110
001010111
110111111
001011110
110111100
001011101
110111001
001011000
110111010
001011011
110101011
001001010
110101000
001001001
110101101
001001100
110101110
001001111
110100111
001000110
110100100
001000101
110100001
001000000
110100010
001000011
111100000
000000001
111100011
000000010
111100110
000000111
111100101
000000100
111101100
000001101
111101111
000001110
111101010
000001011
111101001
000001000
111111000
000011001
111111011
000011010
111111110
000011111
111111101
000011100
111110100
000010101
111110111
000010110
111110010
000010011
111110001
000010000
111010011
000110010
111010000
000110001
111010101
000110100
111010110
000110111
111011111
000111110
111011100
000111101
111011001
000111000
111011010
000111011
111001011
000101010
111001000
000101001
111001101
000101100
111001110
000101111
111000111
000100110
111000100
000100101
111000001
000100000
111000010
000100011
100101100
011001101
100101111
011001110
100101010
011001011
100101001
011001000
100100000
011000001
100100011
011000010
100100110
011000111
100100101
011000100
100110100
011010101
100110111
011010110
100110010
011010011
100110001
011010000
100111000
011011001
100111011
011011010
100111110
011011111
100111101
011011100
100011111
011111110
100011100
011111101
100011001
011111000
100011010
011111011
100010011
011110010
100010000
011110001
100010101
011110100
100010110
011110111
100000111
011100110
100000100
011100101
100000001
011100000
100000010
011100011
100001011
011101010
100001000
011101001
100001101
011101100
100001110
011101111
101001100
010101101
101001111
010101110
101001010
010101011
101001001
010101000
101000000
010100001
101000011
010100010
101000110
010100111
101000101
010100100
101010100
010110101
101010111
010110110
101010010
010110011
101010001
010110000
101011000
010111001
101011011
010111010
101011110
010111111
101011101
010111100
101111111
010011110
101111100
010011101
101111001
010011000
101111010
010011011
101110011
010010010
101110000
010010001
101110101
010010100
101110110
010010111
101100111
010000110
101100100
010000101
101100001
010000000
101100010
010000011
101101011
010001010
101101000
010001001
101101101
010001100
101101110
010001111
