3 3989
93 54
97 86
18 8
26 7
15 12
27 10
80 101
5 3
100 101
43 3
101 58
80 82
4 4
18 5
14 13
23 5
22 4
95 84
6 13
3 14
81 95
3 9
12 12
15 21
85 96
4 31
18 0
7 16
23 10
5 8
11 29
2 27
9 11
4 3
18 4
2 0
23 11
92 64
99 101
99 80
0 0
13 8
88 78
88 64
2 0
18 2
5 4
96 84
74 75
28 18
2 11
5 1
12 32
3 0
7 7
93 91
100 97
4 24
0 32
70 87
10 4
69 96
0 44
21 17
13 4
94 97
101 100
95 100
0 0
101 97
75 86
0 0
3 11
99 97
101 91
99 92
17 19
11 23
101 101
91 79
66 100
62 97
79 83
98 97
100 91
12 28
93 63
101 101
13 7
84 62
21 7
24 2
87 47
81 86
1 37
80 80
60 99
7 5
77 85
91 99
9 0
10 2
1 22
6 1
81 93
23 22
65 98
95 93
14 23
13 13
1 31
96 64
82 83
89 89
0 0
19 14
99 86
14 10
5 3
5 1
10 2
72 81
15 9
11 18
92 61
93 48
98 81
82 84
24 14
89 100
101 101
5 1
41 3
67 98
63 44
70 85
6 2
13 7
21 11
33 0
5 10
0 6
1 0
68 93
101 92
35 9
42 70
79 91
0 46
26 19
6 34
4 1
37 68
66 101
87 72
5 6
4 2
5 2
27 0
56 97
101 68
90 71
19 10
0 1
67 91
24 22
18 28
21 8
39 0
15 5
22 24
9 25
15 13
25 9
11 23
81 97
54 74
21 79
1 18
84 90
78 93
84 72
38 1
0 31
16 5
80 94
27 2
0 16
87 85
30 4
35 10
2 2
17 13
92 96
100 88
44 1
0 18
60 5
76 101
14 24
3 14
4 0
91 100
5 1
39 4
66 86
100 100
86 101
1 0
99 67
84 98
3 0
100 65
78 70
99 67
98 78
85 93
99 101
40 6
8 17
0 2
99 101
1 9
73 91
89 82
100 101
98 80
39 33
16 6
17 12
21 54
101 98
95 98
0 9
43 15
8 18
4 1
91 76
100 94
6 39
100 91
10 26
94 71
16 6
81 82
99 96
5 10
8 13
89 94
10 19
0 0
73 92
85 73
101 51
19 17
93 95
15 19
12 20
101 50
18 21
4 41
89 82
2 9
101 94
3 2
83 94
17 23
31 13
1 16
4 21
26 10
12 4
64 88
98 97
70 96
98 58
90 83
24 3
4 17
66 87
5 20
101 72
6 10
99 76
100 62
83 91
79 101
0 0
100 97
6 2
4 12
8 35
5 2
30 7
37 37
68 95
3 13
15 62
101 100
24 66
1 2
7 2
3 1
97 88
89 66
0 7
31 9
4 15
7 16
3 0
101 71
90 80
91 71
88 101
100 98
4 17
0 2
101 100
11 0
84 92
88 82
0 22
15 5
20 17
34 6
1 0
3 38
33 3
98 51
13 18
61 92
96 62
98 49
16 7
4 5
7 16
5 38
34 46
37 4
67 81
98 30
11 30
23 2
32 3
100 100
72 88
2 1
99 65
9 1
78 96
95 100
1 4
89 82
98 57
79 87
97 77
62 88
87 67
101 99
0 10
7 5
6 36
18 5
52 15
0 0
1 1
97 62
58 60
11 18
13 0
100 98
82 84
5 10
67 88
99 82
2 2
66 25
101 101
59 97
36 7
13 3
85 91
75 98
41 1
16 14
101 99
75 99
95 70
100 99
86 80
22 19
60 87
3 18
96 53
15 26
1 41
14 19
92 72
19 14
91 100
0 2
6 2
6 0
41 4
1 43
72 82
86 89
86 75
100 72
10 28
7 9
41 4
40 47
3 32
26 4
71 84
5 8
13 7
88 87
53 54
50 80
88 83
90 98
95 97
88 90
6 35
8 20
21 19
28 14
17 12
98 95
21 3
28 15
98 95
3 2
29 5
9 94
0 43
6 18
82 97
97 90
15 6
74 89
98 88
45 74
90 79
0 0
76 76
27 2
5 24
91 80
100 89
0 20
101 56
80 94
3 42
32 7
20 12
89 73
56 101
0 20
9 15
7 22
100 99
65 84
77 96
91 100
19 12
96 79
91 78
85 71
5 38
24 1
10 27
13 43
95 101
16 11
20 24
2 0
23 6
2 1
94 99
16 51
29 4
2 11
78 70
4 0
80 79
1 1
29 14
90 59
5 17
0 0
9 32
14 16
2 2
14 3
9 30
80 98
97 78
22 10
87 77
2 4
58 48
68 98
19 7
89 65
0 25
0 0
38 4
17 0
79 76
4 7
99 97
59 9
93 57
9 10
1 6
96 99
1 0
6 0
79 49
7 9
90 89
67 99
99 81
73 77
27 57
101 101
10 32
25 2
83 77
7 8
17 26
78 96
77 82
11 16
59 100
4 42
70 95
17 1
42 32
15 0
13 29
0 35
92 80
3 3
40 68
11 10
19 6
2 30
100 60
21 52
38 74
77 94
16 19
17 9
14 3
17 3
15 17
19 13
12 11
71 93
92 82
69 90
94 97
87 97
99 98
68 98
91 67
9 24
3 17
70 30
4 8
3 6
17 1
1 26
74 90
84 71
95 75
78 18
10 11
25 14
68 88
15 29
33 38
92 101
13 32
89 97
66 48
98 80
17 16
11 22
29 12
73 101
97 101
9 30
61 91
1 4
14 12
94 69
101 75
91 77
28 2
21 7
58 96
70 81
23 44
9 2
2 4
96 90
2 0
8 32
2 42
78 100
4 3
90 99
4 27
4 21
15 16
92 100
65 96
9 17
80 96
98 86
0 7
3 8
12 3
0 19
94 99
0 6
20 4
80 82
54 21
13 8
86 91
16 30
17 27
91 80
20 31
6 60
36 0
100 77
100 99
1 2
23 10
24 5
1 2
9 4
1 0
92 76
84 99
6 23
25 20
24 6
4 11
34 10
0 1
56 94
98 81
32 6
8 3
100 100
2 37
25 8
94 98
5 4
0 6
1 34
91 95
72 100
18 3
0 1
71 88
3 3
74 100
20 12
5 9
7 29
95 86
8 7
4 3
18 0
15 64
78 78
100 86
3 4
95 99
24 9
6 24
31 12
89 98
34 1
32 3
101 97
56 101
5 25
7 2
30 47
8 37
11 18
4 40
0 9
57 94
78 91
0 0
92 98
96 100
0 0
80 92
101 100
5 34
73 93
4 2
92 71
0 0
11 27
87 87
99 98
39 99
1 2
0 2
69 81
34 10
0 0
96 95
101 101
100 97
17 1
86 86
34 12
13 21
30 11
97 55
83 94
33 1
88 72
38 3
35 36
90 99
82 92
63 83
47 45
8 1
21 4
101 94
91 59
39 6
25 4
5 5
39 93
70 67
101 101
90 101
3 20
70 82
12 5
2 37
7 1
1 1
27 4
100 52
3 7
13 12
87 69
18 5
99 70
90 78
2 30
22 8
26 7
4 1
44 0
88 91
22 5
75 92
68 30
50 29
5 8
41 2
6 13
101 68
3 43
2 21
87 38
81 96
25 7
87 81
94 79
100 97
7 0
87 87
79 77
0 2
44 14
1 5
2 1
2 24
94 97
100 94
73 92
3 4
97 91
89 98
19 25
20 16
101 101
77 92
10 3
60 69
55 93
99 53
23 19
8 1
38 3
98 91
0 8
100 98
5 29
13 19
38 5
21 14
30 7
21 24
6 4
8 11
100 58
10 0
12 10
15 18
68 100
23 16
6 10
2 15
77 95
97 90
4 7
88 74
96 97
90 83
9 8
98 66
15 11
34 3
13 19
87 69
26 93
87 91
91 90
3 24
66 89
8 30
91 89
3 1
89 96
15 5
2 37
7 16
69 81
5 69
87 69
92 101
98 84
83 96
101 71
0 1
81 88
0 0
99 86
35 2
101 87
3 2
101 72
101 78
83 91
35 93
33 4
101 54
15 100
82 97
96 95
13 23
8 6
75 90
7 17
38 47
64 97
85 90
83 97
90 87
2 1
83 82
2 31
99 100
9 3
29 88
12 31
0 0
0 10
62 10
65 89
7 28
6 81
1 13
98 83
34 94
11 6
70 91
41 4
86 82
68 87
15 22
88 99
97 101
4 11
9 5
15 2
22 13
0 7
99 97
12 11
1 0
100 80
13 13
97 78
3 26
89 84
1 23
87 75
86 85
98 82
101 97
78 96
3 6
95 78
87 70
7 34
71 82
1 3
100 95
74 86
15 3
6 2
3 16
13 24
7 20
98 91
3 2
100 95
0 28
6 36
100 73
4 5
12 34
98 96
3 8
86 72
11 18
18 6
82 82
8 5
84 4
47 70
14 1
96 100
101 97
26 36
10 1
85 77
38 2
30 4
98 64
76 99
100 86
1 0
11 21
82 9
14 1
21 10
74 33
0 9
0 14
1 33
70 88
96 80
86 73
7 12
99 53
5 15
101 53
9 26
16 18
0 1
1 1
10 32
75 73
11 25
15 3
57 71
8 10
6 50
7 26
13 21
59 4
64 93
31 4
27 12
27 75
5 23
100 50
96 96
11 8
3 1
95 85
10 27
46 0
81 98
91 73
56 96
0 1
2 4
75 90
28 8
21 55
101 101
25 12
96 80
74 73
97 88
9 12
6 10
4 7
9 6
55 52
81 78
51 94
74 92
2 3
69 90
101 101
51 76
21 7
98 81
20 1
43 0
93 79
14 10
92 87
13 6
25 12
14 0
11 33
4 1
36 7
3 11
1 11
28 12
99 99
54 34
4 0
78 97
0 41
75 101
50 99
3 16
100 76
2 16
97 87
1 23
8 15
71 87
101 99
89 77
8 15
24 21
91 74
33 5
11 17
100 101
10 5
60 88
18 5
100 59
3 4
25 15
40 38
11 33
101 100
23 5
2 1
14 21
12 1
79 99
47 31
22 4
1 16
81 69
1 11
1 8
100 71
88 93
10 9
41 69
40 2
31 6
9 2
2 28
31 2
15 21
11 15
21 100
25 2
6 11
93 67
90 70
8 1
98 99
86 91
7 14
30 4
94 93
3 1
0 5
37 5
79 101
99 100
94 93
0 27
60 92
17 3
1 1
99 99
7 24
99 100
100 92
42 0
89 95
15 4
28 6
88 75
63 54
82 97
9 23
17 5
1 0
1 14
2 8
24 1
83 82
90 81
26 0
9 5
67 100
30 12
83 84
35 11
79 84
18 70
91 91
95 94
3 31
101 101
74 48
74 94
8 9
2 0
18 8
4 10
6 27
98 91
0 1
1 2
13 1
51 85
101 80
3 1
5 15
0 12
2 1
101 99
90 91
82 89
11 26
93 95
76 97
4 3
3 0
3 10
85 93
12 27
2 2
0 9
88 99
37 85
20 3
0 0
0 40
94 100
95 97
0 16
97 58
95 98
30 10
1 18
10 67
7 28
2 4
95 93
7 11
20 14
3 0
1 2
13 1
79 77
99 59
3 14
88 17
6 33
23 7
35 43
34 5
101 95
67 94
92 88
90 83
15 3
36 7
44 15
16 9
99 73
94 93
8 25
88 89
6 8
100 91
77 72
61 97
9 37
100 92
3 3
30 12
31 9
95 92
5 12
91 98
78 56
21 6
2 32
24 17
60 57
60 97
96 87
4 7
0 2
3 6
4 17
92 81
2 4
5 10
97 53
99 69
87 85
101 101
12 18
98 98
86 87
5 28
6 11
9 8
6 5
95 92
101 98
0 30
87 93
79 85
0 35
84 98
0 3
56 95
21 9
93 96
96 65
2 18
86 101
99 58
85 101
89 101
4 0
2 0
22 11
90 91
15 22
13 5
9 10
92 82
6 38
19 98
95 55
81 31
93 92
18 7
52 12
67 20
1 69
84 97
101 98
91 97
2 4
6 3
101 101
18 1
3 13
71 99
20 15
18 16
86 50
66 95
63 88
9 14
96 81
81 90
81 82
14 29
91 98
7 14
42 88
2 5
0 0
87 94
0 13
12 4
4 28
87 90
95 85
10 11
38 2
81 83
1 2
50 0
14 4
15 0
11 15
22 11
101 100
96 94
6 5
79 27
18 19
0 0
29 7
18 11
4 18
5 21
4 0
66 95
5 41
97 52
34 11
80 101
0 3
101 66
3 34
30 0
11 16
37 39
22 9
30 13
0 3
68 84
33 46
37 9
29 93
98 77
74 80
6 4
2 7
2 5
36 6
82 81
17 10
87 84
85 74
29 16
85 62
65 49
1 18
99 91
61 90
1 3
39 42
22 2
98 97
1 0
21 25
97 94
25 21
29 46
73 87
14 4
76 72
4 14
4 0
91 96
72 85
4 0
93 81
94 31
1 12
4 36
98 89
2 2
88 74
19 12
24 6
88 80
1 4
24 14
98 92
0 0
98 89
101 75
3 2
100 99
98 78
3 29
92 101
12 13
1 11
70 78
89 100
26 15
79 91
79 96
6 6
1 18
22 0
101 96
97 94
13 0
89 78
2 22
0 1
15 24
98 101
76 99
58 101
95 52
85 71
4 2
71 95
1 1
6 1
3 4
86 97
37 16
6 28
5 39
28 0
100 80
16 26
99 89
92 98
84 91
14 20
30 84
18 27
36 7
3 24
5 22
86 99
97 62
97 49
20 20
70 79
0 2
9 20
70 73
3 23
96 101
3 21
99 68
93 59
83 86
99 82
33 8
99 98
101 87
24 12
1 0
88 73
9 30
96 83
75 84
68 85
1 2
66 84
84 97
8 32
2 2
99 52
13 5
90 86
80 97
96 95
4 20
41 53
101 80
101 94
4 1
9 4
83 101
0 6
5 0
95 79
3 18
32 1
10 21
24 5
86 100
4 32
14 3
88 97
0 3
101 36
86 84
0 2
0 3
6 15
19 26
18 4
96 67
68 93
6 26
99 78
35 2
24 0
25 2
22 0
34 2
5 1
27 12
80 92
87 53
11 29
14 11
96 70
31 1
101 98
10 29
9 2
24 19
100 96
6 36
57 65
3 70
14 10
12 1
7 3
3 39
92 98
77 84
19 4
94 75
9 8
23 4
3 3
15 31
1 9
3 5
1 0
4 55
95 59
92 62
30 5
2 10
27 19
5 1
76 32
76 90
23 4
9 28
73 86
100 101
23 16
93 88
29 27
6 39
2 25
92 83
73 98
66 95
4 5
11 32
0 7
22 2
1 2
93 101
5 7
31 3
16 51
3 1
98 93
0 28
7 6
88 100
101 80
64 56
99 93
92 89
4 9
65 95
15 68
100 99
88 75
90 59
83 65
99 89
29 6
85 27
0 6
16 5
12 10
8 14
48 40
42 0
25 25
9 1
1 9
88 97
33 7
4 101
2 8
5 9
11 21
88 100
1 25
93 101
20 3
75 74
35 11
94 101
7 36
76 90
2 0
93 68
42 94
17 8
6 10
74 96
19 7
95 98
19 11
12 59
1 22
88 78
100 95
4 18
2 0
73 93
84 66
10 0
1 3
75 78
22 16
88 94
91 80
1 1
81 96
13 5
9 3
53 101
0 2
95 101
98 88
2 21
84 96
3 20
2 2
9 2
13 1
98 82
4 22
9 0
84 101
8 24
101 87
94 98
5 3
2 3
83 76
13 13
17 26
19 10
0 4
7 2
1 11
3 2
98 101
96 66
79 70
97 100
2 1
80 92
98 93
5 1
5 0
89 98
19 1
100 64
101 101
2 0
14 5
76 94
3 0
29 6
8 17
3 37
0 12
14 18
5 0
21 29
78 73
98 92
9 18
29 24
7 16
75 86
3 9
2 26
70 61
98 71
66 100
101 81
92 98
2 1
90 96
6 15
101 76
2 1
8 8
86 101
89 90
6 1
2 1
8 33
5 61
101 99
90 96
9 20
8 1
55 96
100 69
93 70
74 80
95 97
98 97
82 97
13 2
0 5
2 11
66 84
97 96
76 54
81 82
97 101
47 85
99 100
101 99
83 94
95 97
68 80
29 16
89 79
17 28
5 72
83 65
101 98
89 85
32 12
101 101
49 100
0 4
100 101
85 101
99 83
14 10
4 18
35 7
8 21
63 100
95 82
92 79
9 24
78 91
14 11
60 91
2 14
11 18
17 10
87 96
29 2
18 0
7 36
1 3
94 99
89 67
7 13
59 22
1 1
22 19
0 0
23 0
2 0
97 21
32 7
100 97
2 0
80 68
97 97
15 0
0 0
3 2
0 9
16 30
84 78
90 82
6 25
56 97
0 33
96 88
94 100
21 6
63 90
0 1
74 82
10 14
97 74
100 100
58 100
100 101
4 4
85 92
75 98
13 14
84 71
9 2
18 0
76 94
82 96
10 8
46 94
0 43
14 7
0 0
23 0
23 13
79 60
92 80
80 96
80 74
21 21
101 101
78 72
1 14
0 48
4 3
11 3
101 95
4 1
99 84
34 2
19 28
41 1
14 30
98 97
95 97
0 0
69 96
91 60
99 97
4 44
3 2
14 8
86 28
78 73
101 92
20 26
81 92
0 20
82 34
91 97
89 92
100 68
69 88
2 38
0 0
9 4
26 11
3 1
0 5
42 34
23 16
8 11
93 100
3 20
0 3
93 97
92 91
47 24
2 3
1 9
4 17
100 96
85 83
79 77
22 80
44 41
89 97
14 17
88 12
10 4
6 32
13 3
79 81
95 92
5 40
34 12
6 3
17 15
2 40
0 0
96 95
101 100
68 49
33 1
7 12
4 17
92 90
3 1
2 24
4 39
51 38
4 38
26 1
80 72
84 95
100 33
12 14
1 25
72 76
10 7
7 31
24 10
20 81
27 2
97 99
90 54
73 83
101 96
28 9
18 11
24 6
9 32
6 23
23 2
47 13
9 35
10 1
11 13
100 79
82 79
0 1
15 6
7 24
94 84
6 21
1 17
86 81
22 21
19 4
75 99
77 76
6 3
3 0
4 3
89 46
28 8
77 87
3 21
1 9
17 5
90 99
95 87
41 64
96 64
98 83
93 78
85 67
97 100
85 71
11 20
22 9
101 101
96 93
16 3
89 64
72 101
1 35
42 2
78 92
101 82
99 88
7 4
9 6
94 100
1 38
3 11
19 17
9 0
2 16
16 5
81 83
3 1
2 28
33 7
2 28
1 42
97 100
7 3
3 4
14 86
16 4
6 10
15 30
14 4
12 10
90 98
82 91
4 8
15 10
1 0
96 95
0 5
76 95
0 27
97 100
101 101
3 5
20 70
101 101
18 26
98 95
19 5
48 30
1 0
1 8
88 80
1 32
10 27
6 21
77 76
1 5
55 95
2 21
4 1
25 7
26 11
76 99
98 61
78 74
63 99
27 11
40 3
25 18
76 83
5 32
70 86
3 0
97 55
4 7
5 5
41 90
80 92
12 22
82 74
100 86
86 47
87 77
90 80
97 95
99 72
96 98
16 50
14 18
0 13
0 0
12 23
58 91
4 22
82 84
70 88
31 4
9 34
21 4
90 95
3 7
72 97
100 95
90 64
82 17
0 31
88 92
101 100
3 10
64 69
1 38
27 2
84 93
31 74
95 99
68 80
4 12
92 96
10 26
101 86
68 94
71 81
99 96
18 15
1 1
5 5
101 73
20 11
6 4
0 29
26 2
2 4
75 100
33 8
81 100
5 4
1 15
100 89
89 99
23 4
99 87
13 2
33 4
6 39
30 9
22 98
7 12
4 30
98 35
17 16
101 99
87 82
12 14
8 3
98 71
26 8
2 3
14 11
56 33
97 68
62 91
0 30
14 14
91 74
94 58
11 72
7 20
2 13
94 86
80 79
25 14
18 2
0 36
9 15
80 65
17 11
101 92
0 17
87 96
7 28
6 79
93 92
71 82
4 4
0 2
0 0
13 21
71 99
101 62
19 4
101 78
99 99
28 12
12 14
80 84
46 0
93 93
7 10
29 8
7 29
14 9
74 101
90 99
20 11
2 23
13 12
100 93
25 20
80 70
97 97
63 75
19 8
45 0
18 18
2 2
3 5
17 0
101 98
73 81
5 8
83 75
99 58
7 37
9 2
92 101
10 11
9 4
101 94
8 18
92 92
8 32
100 98
85 98
85 88
80 98
49 93
81 76
0 1
87 21
75 82
63 101
44 83
7 34
0 5
17 14
6 13
11 1
60 89
1 1
0 0
63 35
6 13
98 93
0 96
88 63
90 91
94 93
74 89
80 4
90 83
66 92
65 91
96 89
1 14
15 15
90 99
78 94
101 101
87 99
3 20
3 18
0 1
94 88
1 16
70 61
93 77
88 83
69 97
38 3
3 2
101 69
86 12
5 12
1 5
16 3
1 2
52 101
0 0
7 20
30 10
27 7
83 100
98 93
78 79
7 3
35 1
0 1
6 36
98 97
11 19
15 47
18 39
65 83
94 86
18 7
27 11
10 6
5 1
96 101
94 88
30 36
0 16
85 96
86 100
100 97
41 91
24 5
58 91
8 9
77 98
22 22
92 97
0 5
85 78
85 90
98 101
28 6
95 84
4 7
12 9
0 5
95 100
24 19
100 101
90 54
13 1
98 98
66 95
81 101
81 93
88 89
92 96
101 82
2 12
22 16
77 84
46 97
59 98
59 100
99 98
86 69
13 0
91 91
6 2
78 86
16 14
13 0
14 6
16 13
3 1
100 100
23 8
22 19
23 14
87 84
39 3
3 38
21 25
36 7
79 92
68 81
80 17
50 98
101 98
0 2
7 7
30 16
95 91
9 2
13 16
20 89
27 15
68 94
5 13
98 74
1 3
1 0
35 12
99 92
2 39
13 0
5 39
66 99
86 98
1 9
34 6
24 2
69 96
68 97
56 95
95 54
99 96
2 11
71 83
0 24
100 71
98 98
101 100
6 35
5 8
13 6
90 73
14 0
7 31
8 9
19 21
74 84
1 6
9 1
98 96
41 10
2 17
27 11
20 20
3 25
24 3
14 14
54 10
86 73
91 99
23 15
6 17
39 7
4 33
67 90
73 99
98 95
66 77
0 28
86 91
18 3
78 81
29 6
94 96
96 78
5 6
100 96
11 21
6 36
77 99
18 5
101 86
3 19
7 20
19 17
93 91
99 101
3 3
75 84
72 84
69 88
0 1
8 60
2 6
7 20
8 6
90 81
101 57
15 9
19 24
15 20
14 6
3 77
3 11
14 7
97 101
39 3
19 22
29 9
40 39
24 5
71 86
11 0
30 12
82 79
9 83
30 8
80 70
28 18
93 57
75 99
98 58
0 1
96 101
2 1
77 81
64 58
8 2
9 1
86 85
38 3
97 96
8 36
0 0
74 47
98 96
7 16
101 94
27 20
3 31
16 5
1 14
98 76
41 1
101 99
6 19
0 5
19 8
94 100
34 1
36 45
16 4
7 1
78 82
71 92
75 30
6 3
101 94
94 91
93 101
40 0
90 95
15 3
85 66
4 12
7 5
90 79
31 6
78 80
13 15
80 92
101 47
7 31
2 0
73 98
13 10
101 96
67 98
86 91
79 84
31 37
100 100
81 89
15 89
3 4
80 101
2 11
13 11
4 5
0 0
74 93
5 1
88 85
13 31
74 75
68 89
88 100
98 98
35 0
100 67
25 57
1 24
17 19
68 89
83 98
0 0
7 30
2 66
3 0
6 40
19 15
25 9
100 96
99 100
19 1
12 3
3 20
28 42
31 2
18 5
4 2
101 95
94 85
6 6
73 101
100 79
99 101
11 5
16 1
7 2
59 91
1 41
55 101
7 2
35 3
11 34
51 44
89 80
92 81
0 1
2 7
35 1
36 57
30 3
38 97
96 98
68 97
17 6
9 5
95 84
60 92
28 16
23 9
101 101
14 12
6 14
100 98
83 10
96 77
18 0
20 11
19 12
89 98
59 96
15 17
43 3
11 23
8 19
90 78
57 92
35 5
3 10
98 98
7 9
0 0
6 8
99 90
86 85
78 84
11 8
2 3
7 7
19 27
82 100
19 12
2 7
12 0
15 11
5 1
5 3
84 98
6 29
11 27
11 13
99 78
0 5
99 100
56 89
81 84
71 98
8 29
92 95
1 32
20 4
24 8
6 6
5 3
98 99
6 7
2 29
12 38
8 46
95 65
7 27
39 1
3 41
21 7
90 70
89 78
13 16
69 98
30 6
77 100
7 5
5 1
85 68
93 96
90 72
92 59
26 4
90 97
13 27
10 2
96 98
98 98
6 17
101 49
2 38
90 96
74 91
100 74
5 5
15 8
22 16
10 25
88 91
4 5
96 80
65 96
26 8
6 10
72 89
27 0
101 96
81 97
11 25
3 11
37 8
85 94
94 85
23 0
9 98
98 91
0 33
63 100
97 77
84 96
14 8
5 16
0 0
14 18
100 93
90 73
85 81
1 1
1 6
78 6
92 96
82 99
95 93
7 8
91 70
87 98
97 97
91 74
74 101
96 45
79 42
82 84
14 6
13 30
30 2
88 86
80 83
34 3
2 1
4 40
2 18
93 100
19 24
101 96
17 10
100 101
63 99
95 64
4 3
6 18
2 10
13 4
0 1
79 75
0 1
36 5
18 14
66 40
7 28
18 17
25 81
16 0
88 71
17 14
59 27
83 79
4 0
27 9
2 23
4 21
9 14
8 17
25 6
0 4
101 76
84 86
0 13
99 64
90 66
6 3
5 38
91 101
78 85
2 15
6 30
41 2
2 26
98 100
59 101
92 61
101 98
22 13
67 101
4 15
97 91
69 90
0 31
1 11
97 97
29 71
15 0
100 98
14 60
12 18
4 2
94 97
98 101
16 8
6 32
2 0
10 19
97 92
15 9
6 6
83 73
5 18
101 97
3 37
1 1
99 98
35 2
39 83
10 28
99 53
101 74
9 99
1 0
6 24
96 98
3 31
100 97
13 1
25 2
1 25
4 11
100 95
0 10
8 12
101 95
4 12
9 12
30 14
23 3
10 4
67 93
0 33
82 94
88 77
29 68
20 1
97 54
78 71
1 8
75 78
3 0
9 23
48 7
94 71
81 68
15 14
56 93
60 90
7 22
31 1
1 19
75 100
100 99
2 0
2 0
18 0
3 5
91 78
91 96
64 95
90 62
32 5
0 39
26 17
81 85
78 78
12 34
7 6
3 37
0 43
22 2
70 97
65 95
39 1
78 89
26 5
0 13
100 95
100 67
14 6
18 10
99 91
6 4
84 68
83 99
85 83
91 91
12 16
65 87
92 97
99 93
11 18
0 4
97 52
6 10
77 7
4 36
23 5
0 8
6 81
99 101
99 44
7 3
84 81
1 45
8 3
27 5
88 93
97 89
101 59
3 0
88 3
88 93
81 85
95 57
31 3
86 91
101 101
84 89
91 75
16 0
72 79
42 7
95 87
80 88
84 86
1 12
15 10
16 20
7 8
35 3
31 1
51 30
91 72
92 97
34 7
72 84
89 87
95 53
40 95
97 101
92 82
21 15
30 3
20 21
93 74
96 101
0 2
25 15
89 60
29 14
84 89
21 15
2 3
92 88
93 86
14 24
59 92
17 0
96 99
33 2
85 80
15 2
21 16
26 11
73 54
11 18
68 87
100 99
94 101
95 101
96 96
3 1
4 20
31 12
100 98
0 0
14 1
2 1
0 21
0 13
6 37
3 0
0 31
36 92
88 70
41 5
35 5
4 13
97 64
81 89
90 92
57 80
8 9
100 92
101 100
85 95
70 86
67 18
1 4
83 98
99 73
11 25
28 10
8 8
28 3
85 101
70 94
9 3
21 11
82 84
101 101
4 11
100 100
5 2
29 35
12 7
82 80
101 83
32 9
15 5
8 0
2 19
90 101
84 99
16 29
97 81
19 2
28 5
59 87
4 22
17 8
16 0
25 5
93 99
8 20
31 10
78 82
11 3
101 101
0 0
1 0
96 78
8 22
4 8
46 0
90 87
10 8
3 2
2 2
23 3
86 76
23 7
0 13
78 99
4 23
76 72
53 74
67 12
82 85
1 4
11 20
12 9
101 100
80 73
84 97
83 94
95 64
0 5
7 29
1 3
82 91
0 11
2 57
99 84
99 99
9 4
94 71
43 19
101 84
74 88
95 82
2 41
66 88
100 97
96 98
4 3
2 1
2 2
19 7
0 0
0 1
76 86
93 101
20 10
0 0
10 3
13 33
6 5
9 33
72 93
82 91
9 9
69 72
13 1
59 101
17 20
52 54
99 97
18 2
93 64
79 93
9 1
3 0
2 7
68 96
89 82
4 40
1 8
4 25
20 17
100 100
12 18
91 100
18 63
41 2
97 77
9 4
81 77
5 13
91 65
76 73
23 15
51 93
19 25
77 92
7 30
101 98
25 4
98 99
87 87
96 99
99 60
20 14
8 20
27 5
101 55
3 0
100 101
83 90
10 28
36 5
65 99
80 91
2 31
90 83
8 3
100 98
81 86
66 47
61 101
0 3
66 87
92 81
36 0
23 23
3 22
95 95
96 99
1 23
25 15
23 1
3 35
7 1
10 80
9 24
101 98
6 26
95 96
17 13
4 2
84 96
0 1
85 98
99 54
101 89
12 28
99 79
72 79
97 59
27 16
101 101
26 0
27 2
57 6
9 29
101 60
100 101
100 85
98 81
71 101
84 90
56 44
9 6
63 97
14 23
77 98
18 23
27 8
9 37
11 5
100 85
1 20
101 84
14 3
21 3
8 38
1 2
57 101
83 96
5 16
19 79
25 8
22 4
18 61
8 30
45 1
94 99
25 0
64 100
15 1
101 94
5 20
1 24
29 4
18 2
87 94
6 35
82 86
5 1
1 8
3 3
23 4
9 31
3 8
97 82
1 19
80 83
35 10
27 0
69 9
93 70
76 87
23 6
100 100
100 74
101 82
11 12
91 71
88 96
82 100
96 101
16 1
96 62
3 24
25 8
98 101
11 23
68 83
8 32
100 101
100 78
75 96
10 28
15 7
97 95
95 97
71 97
90 81
81 93
100 101
3 4
36 8
87 84
90 72
18 66
10 11
99 82
4 6
4 11
48 44
99 79
27 87
11 33
101 96
99 96
0 3
84 101
2 0
100 87
12 1
11 23
4 3
90 95
6 7
1 21
16 6
69 82
4 4
92 75
7 10
83 78
14 5
0 0
19 19
2 6
19 7
22 3
3 25
21 25
3 0
9 2
5 22
101 93
67 91
15 30
93 96
75 77
16 11
98 98
16 8
6 14
70 89
87 90
22 5
12 34
18 15
7 13
14 9
8 4
64 22
101 96
19 20
0 1
101 80
32 48
100 101
17 16
1 2
62 95
75 73
3 26
6 36
28 17
3 38
85 79
87 86
31 8
1 0
97 78
1 14
24 0
86 88
101 99
2 2
3 4
5 24
10 36
81 91
95 94
99 86
17 3
79 98
10 23
15 6
94 101
9 18
98 90
74 74
16 15
2 1
100 62
71 85
76 67
95 63
7 33
95 72
0 41
81 88
98 59
14 23
0 17
98 76
64 4
7 7
80 73
86 65
1 5
38 2
100 79
3 8
14 0
88 87
83 72
16 3
11 16
12 1
0 0
61 91
0 1
44 0
29 11
86 95
1 19
2 43
100 50
68 88
11 16
0 0
87 88
3 12
98 100
2 29
88 93
26 3
82 97
29 8
88 87
95 96
17 13
95 83
3 1
3 36
8 35
72 96
97 76
8 30
10 7
4 16
71 98
56 100
14 12
86 82
25 19
4 0
18 21
100 56
19 1
11 7
85 100
30 77
77 86
28 16
8 5
88 94
6 5
33 12
90 97
96 91
9 5
81 13
100 101
7 26
70 19
87 76
83 45
52 2
98 91
73 90
101 89
96 100
8 9
23 12
94 97
13 27
90 81
5 10
0 0
1 35
75 89
100 99
86 92
101 98
63 65
95 61
81 82
28 12
23 22
65 96
101 49
94 84
8 2
63 39
95 45
71 74
28 10
99 9
99 69
79 84
86 85
0 4
14 20
8 15
5 13
101 101
70 95
37 69
77 83
73 96
25 1
77 101
2 3
7 14
20 21
2 1
35 86
22 0
94 91
76 98
93 77
4 7
19 0
6 11
9 13
1 0
4 7
101 58
8 4
4 17
92 72
63 38
65 85
2 0
32 12
38 3
16 4
19 1
0 42
100 76
90 99
85 73
74 75
70 80
3 23
94 75
12 14
70 88
4 33
91 101
88 93
26 12
0 25
86 100
17 12
65 91
6 30
32 1
10 12
14 6
100 69
87 89
88 82
98 50
88 94
85 81
28 11
101 57
90 94
92 98
9 9
0 0
9 2
3 0
80 98
100 98
27 11
76 82
2 0
99 97
46 79
100 60
13 99
8 8
7 29
15 7
41 0
101 100
0 2
9 31
97 89
4 22
3 12
82 82
88 95
3 7
0 10
92 67
11 2
76 10
91 100
16 29
14 23
98 98
80 88
101 94
9 19
11 6
16 7
16 74
0 30
90 92
2 2
15 16
31 3
35 11
97 91
0 0
2 6
15 3
91 101
59 97
0 45
17 11
81 86
101 90
94 28
82 95
7 30
18 9
18 12
96 58
90 99
54 42
26 2
55 95
7 29
15 7
99 70
100 74
74 96
95 89
7 17
20 21
94 100
9 13
25 0
14 27
98 97
86 88
16 23
56 42
86 101
9 17
19 37
0 87
28 14
13 12
7 21
1 1
96 84
27 7
12 14
76 101
3 7
12 9
93 70
100 93
3 6
30 86
85 23
23 3
101 79
2 26
101 101
13 23
1 13
90 81
19 26
59 75
89 60
53 98
92 100
98 89
70 83
15 9
71 90
9 29
87 65
87 85
59 98
19 14
99 101
30 30
15 19
63 92
100 95
97 100
101 101
98 81
100 53
36 99
1 42
24 16
20 25
100 73
94 101
3 2
99 101
0 11
2 6
68 101
16 34
8 79
101 94
57 100
89 94
99 85
86 69
2 39
101 94
6 12
98 67
101 82
4 27
74 76
91 87
13 10
43 88
92 80
12 2
25 5
74 37
85 74
0 0
93 84
18 3
11 2
3 12
29 13
95 101
7 25
15 89
2 3
0 0
8 72
25 12
92 80
5 9
10 29
24 11
97 87
7 12
86 8
99 101
0 5
93 77
0 1
76 100
96 96
95 100
13 28
2 1
16 14
16 7
3 27
17 16
87 96
90 58
7 30
40 14
96 85
12 20
101 86
55 61
100 97
25 8
56 98
79 80
11 7
13 56
29 16
9 1
9 7
73 65
54 73
8 2
42 60
101 100
95 83
3 0
100 100
0 2
98 93
0 10
98 90
34 7
83 78
14 3
4 0
0 0
13 24
87 86
3 18
95 98
3 12
101 48
47 69
6 33
66 97
89 85
57 93
0 3
0 6
97 89
101 69
8 4
1 6
98 96
3 23
98 89
24 27
101 79
92 60
87 87
100 99
10 6
80 90
100 20
7 15
92 101
71 98
97 99
101 83
76 84
30 0
15 17
98 93
2 4
19 6
79 98
28 11
28 8
8 2
15 24
9 0
101 92
80 29
1 3
1 3
93 4
88 76
2 10
64 10
89 78
85 98
89 98
0 10
89 73
91 100
24 0
83 94
97 89
8 0
76 75
1 20
1 1
97 98
84 68
9 7
96 73
95 99
82 71
96 94
84 84
19 83
57 94
16 0
99 80
86 97
53 100
40 0
1 33
83 71
99 101
19 9
94 75
25 7
1 7
35 2
96 73
5 6
95 91
6 18
75 79
10 20
2 15
100 100
97 93
74 84
12 33
21 8
6 4
0 10
32 11
26 6
76 83
31 8
99 94
67 88
93 100
83 73
20 1
101 97
64 86
4 1
92 67
4 29
97 69
14 14
90 96
96 97
4 9
1 8
6 15
89 79
76 91
4 4
13 25
99 92
92 100
76 92
13 12
62 99
18 3
6 3
99 72
99 86
0 1
1 5
93 94
9 7
84 94
96 98
