8 3986
10 10 2 10 94 52 28
0 0 0 1 0 4 1
1 1 75 50 7 4 2
3 1 3 24 52 2 29
38 8 26 0 0 0 0
0 7 0 6 26 0 0
0 0 20 0 0 1 0
0 4 22 0 1 4 1
0 0 0 0 0 0 0
0 0 0 0 0 3 0
0 0 9 0 0 5 1
71 0 0 14 5 0 0
57 4 1 14 12 42 18
1 1 0 87 0 59 7
7 101 28 7 1 3 35
44 59 31 10 15 15 0
1 39 0 0 0 0 37
0 0 0 24 0 0 0
0 0 1 0 0 0 0
0 8 1 8 3 2 3
53 0 1 0 0 0 2
4 1 1 11 0 1 1
6 0 12 0 12 0 0
0 0 4 2 0 0 1
1 1 1 10 101 1 34
0 1 0 0 0 4 1
58 8 40 22 8 78 24
0 0 0 0 85 6 12
35 7 5 0 1 2 2
20 0 6 0 2 0 41
4 0 1 16 1 40 4
13 18 2 28 9 10 0
22 74 8 3 8 1 60
0 0 0 0 10 42 0
0 15 1 25 0 0 36
0 7 0 0 0 8 3
0 0 0 0 0 0 0
4 9 99 44 66 67 87
10 5 3 5 56 0 83
8 64 0 8 57 26 3
0 0 9 57 0 0 4
11 31 85 2 9 42 11
1 0 0 4 25 0 0
0 57 48 0 0 0 7
1 0 0 0 1 0 0
12 12 3 28 0 0 4
42 7 7 12 4 23 9
0 0 4 60 15 48 6
4 0 0 5 18 28 22
4 40 25 3 7 9 4
1 0 54 2 40 52 2
1 6 13 3 1 2 2
0 1 10 0 0 0 0
1 1 0 1 24 12 41
0 0 15 22 0 4 0
16 80 14 1 15 45 29
1 11 1 18 1 1 10
28 0 1 12 0 0 1
1 9 14 0 2 1 0
1 37 1 1 1 43 16
0 2 1 31 0 0 0
3 18 0 0 0 0 4
7 0 0 0 0 0 2
0 0 6 18 39 0 0
0 8 10 15 0 0 0
39 1 24 68 4 9 53
0 0 0 10 0 4 1
1 4 20 1 1 1 22
0 16 0 1 16 1 7
61 19 0 14 0 0 0
0 0 21 0 0 5 20
9 4 5 16 78 4 13
46 35 35 13 15 0 7
24 3 0 24 3 3 0
18 10 29 59 44 0 27
100 94 0 34 95 23 30
1 0 0 0 1 31 24
57 1 8 8 4 18 17
12 4 15 22 32 49 20
0 0 5 0 17 0 18
7 2 1 2 3 59 18
52 2 14 26 24 8 66
93 100 7 12 81 12 11
36 0 0 44 2 0 0
0 1 3 11 0 0 0
20 2 0 4 77 23 4
26 69 0 0 0 0 35
42 43 4 3 4 4 68
0 5 4 4 0 13 28
0 0 0 2 5 10 0
0 0 0 0 0 0 0
0 8 0 1 0 0 0
3 2 6 0 0 85 6
0 0 0 0 10 49 39
33 94 8 2 1 2 2
0 0 2 2 2 3 4
27 0 1 1 8 1 0
15 0 0 7 0 0 20
1 13 3 2 1 0 1
3 0 70 3 42 14 2
2 2 9 2 17 42 3
4 27 0 3 57 2 12
0 1 78 0 0 1 0
0 1 0 2 0 9 0
2 9 9 3 4 14 5
17 0 12 0 11 0 0
0 0 0 0 0 0 0
52 2 19 12 0 40 3
20 2 52 3 3 1 8
4 3 4 0 5 22 0
2 3 69 2 84 3 19
56 94 3 1 0 2 3
21 1 67 1 1 0 6
1 1 1 0 11 1 1
3 1 8 2 10 0 16
0 2 1 9 1 1 9
0 0 18 0 2 6 0
20 71 16 8 17 77 98
0 9 8 16 5 2 37
0 4 0 42 0 0 14
0 0 0 0 8 0 0
5 14 1 33 5 5 14
50 47 7 4 1 10 51
0 0 60 0 0 0 0
0 0 0 33 0 0 27
12 12 0 74 5 5 5
78 80 85 53 23 33 70
36 0 0 0 0 0 0
0 0 65 49 0 3 0
1 1 24 1 19 1 47
21 0 2 0 0 4 0
1 26 64 1 92 0 1
0 0 22 21 0 8 0
9 0 5 1 0 0 0
3 14 56 3 0 3 3
13 4 13 65 5 30 5
1 4 3 22 1 1 0
5 0 9 13 0 0 0
1 99 1 6 54 0 0
8 1 36 6 3 7 35
7 0 0 0 1 0 86
32 7 91 15 3 4 4
10 66 10 36 8 10 13
4 0 0 60 0 0 0
23 7 4 56 4 3 5
5 12 1 5 4 34 9
5 7 0 43 0 0 0
0 0 0 4 14 0 1
2 3 0 5 21 30 63
8 41 8 84 5 47 3
0 0 81 0 75 85 0
8 18 8 8 0 2 12
0 0 0 0 0 0 0
37 0 0 0 0 0 1
8 0 0 0 0 14 0
2 0 1 2 0 1 10
10 5 20 3 6 0 9
25 0 4 1 0 0 0
1 15 3 14 11 1 5
4 0 0 0 0 4 0
51 0 9 83 1 0 1
0 0 0 0 16 39 12
27 0 23 93 11 26 6
16 0 0 2 31 0 0
0 0 0 0 0 4 1
0 0 0 0 0 0 4
70 0 15 0 13 0 0
0 48 18 95 1 0 0
17 2 35 0 5 3 5
0 6 0 0 0 0 0
70 12 1 9 21 11 3
0 17 0 0 0 0 0
5 18 3 0 12 90 6
6 2 3 26 18 5 80
0 3 0 18 0 0 0
0 25 0 0 0 3 2
5 2 10 5 0 12 55
79 0 86 1 7 2 0
0 62 0 0 0 1 11
96 20 34 13 15 18 15
2 16 5 6 3 18 4
0 0 0 0 0 0 0
10 0 1 7 1 25 1
19 91 54 0 0 0 0
1 6 1 1 6 2 13
8 2 2 2 64 69 2
14 1 5 16 77 68 0
0 0 0 0 45 0 26
3 0 0 0 10 11 0
55 29 22 41 41 42 21
27 1 1 0 6 1 5
0 0 39 7 16 0 0
1 10 1 0 8 1 24
12 54 0 0 0 1 0
0 0 0 0 1 29 0
1 0 0 1 3 0 0
1 0 13 0 0 0 0
76 1 9 9 10 12 5
4 44 0 0 37 3 3
1 78 0 0 40 1 60
66 16 2 3 0 3 20
0 7 0 0 0 49 15
1 44 4 21 6 16 1
56 3 3 5 51 2 1
5 9 6 2 14 30 3
0 9 0 0 0 26 51
0 0 1 0 0 16 24
11 44 65 1 10 24 15
0 0 0 2 22 0 0
9 0 3 10 2 19 2
0 0 0 9 0 0 1
0 0 12 0 0 1 0
6 85 3 0 1 1 1
19 20 3 3 8 1 2
2 22 15 8 13 5 24
6 6 3 6 27 45 8
1 0 19 0 92 0 0
0 2 0 0 7 0 1
16 0 0 2 0 0 1
2 0 0 7 0 0 57
9 2 0 73 0 2 12
3 4 1 8 5 2 2
18 17 58 49 5 46 7
0 0 0 66 1 20 0
1 0 1 15 1 11 50
4 0 4 0 0 0 6
0 26 0 0 2 0 49
0 0 0 0 0 0 0
1 18 7 4 13 6 21
1 2 1 13 10 0 1
6 0 70 0 0 1 0
0 0 0 2 0 0 0
0 19 1 36 1 0 3
2 7 49 48 1 4 38
70 2 1 24 5 5 5
0 0 39 0 1 1 0
18 25 23 5 4 1 6
35 36 65 62 43 89 56
1 25 1 1 0 37 8
0 0 16 2 3 0 0
3 16 2 0 1 1 1
0 0 0 1 0 2 0
97 37 49 4 82 100 97
6 2 12 5 0 3 10
17 0 0 1 1 0 0
1 0 0 1 4 16 51
38 2 0 1 0 0 98
73 1 1 2 1 83 3
1 1 10 0 21 4 0
8 0 0 1 0 0 2
27 11 40 5 19 8 9
0 0 0 0 0 12 0
3 7 0 0 0 13 0
2 1 1 13 3 4 2
0 39 47 1 2 0 1
4 1 8 3 3 13 9
18 4 6 19 14 83 12
74 25 74 56 101 101 101
12 2 2 2 16 31 0
19 6 2 71 4 6 6
0 0 0 50 0 4 16
88 5 5 32 5 5 7
0 0 29 0 0 39 10
40 1 36 1 1 3 5
19 13 42 28 24 43 14
0 0 0 0 0 0 0
1 21 31 62 0 1 1
9 2 12 17 7 7 2
0 0 1 0 0 0 0
0 0 1 0 2 0 23
11 3 2 13 2 2 2
36 46 3 1 2 7 74
8 0 0 0 0 0 2
3 0 17 0 0 0 42
0 0 0 0 0 0 0
1 0 18 1 1 1 0
16 0 0 0 5 88 0
6 7 16 5 10 47 4
10 27 8 18 6 3 1
0 0 2 43 0 0 0
0 55 2 0 1 0 0
6 11 21 7 18 53 16
0 0 3 0 36 0 1
0 0 0 0 44 29 0
1 22 25 1 1 1 1
61 2 2 3 13 32 3
0 5 0 0 49 0 0
0 0 0 0 0 1 0
56 3 3 99 3 12 2
17 1 5 1 2 1 0
11 7 0 11 25 12 10
72 12 26 4 58 98 10
0 0 0 93 26 0 0
0 4 0 2 0 0 1
2 0 0 0 0 1 0
0 1 3 0 0 11 0
13 1 0 0 0 0 1
0 32 0 20 0 0 0
0 0 0 53 0 1 1
52 5 14 0 1 3 2
3 0 0 3 0 0 0
0 0 0 0 0 0 0
0 1 17 4 8 55 4
5 12 19 62 38 3 12
8 2 2 22 5 3 2
6 9 2 58 10 1 40
0 2 49 14 4 2 2
19 19 2 10 3 0 0
7 15 12 13 28 21 22
2 0 16 1 7 19 4
36 1 3 3 3 2 4
18 9 18 80 45 23 42
4 4 13 67 87 4 0
11 6 2 11 1 54 6
24 1 3 3 2 24 61
45 24 22 80 19 40 58
18 1 77 2 2 86 2
0 0 0 0 21 2 0
5 0 3 0 73 0 0
20 76 5 20 85 8 51
36 7 7 9 20 2 14
5 8 52 2 5 19 0
6 2 2 30 8 46 56
34 33 1 1 14 0 2
0 0 5 19 35 2 7
1 1 1 1 3 1 29
31 0 0 0 0 0 2
5 0 13 3 49 15 7
32 76 16 46 17 15 1
12 20 2 28 46 45 46
0 0 7 0 43 0 2
0 20 10 19 10 0 37
17 0 1 1 3 70 0
9 1 0 1 5 1 84
8 9 4 22 9 10 92
23 1 6 23 1 1 0
0 0 0 17 0 4 5
0 0 0 51 0 65 0
0 9 70 0 0 5 12
0 0 12 2 0 4 0
25 0 5 2 0 38 15
1 15 0 0 0 0 1
0 2 0 2 0 0 2
0 10 6 3 4 9 50
4 0 25 0 0 0 0
34 0 0 0 1 3 0
17 1 2 17 2 86 3
41 6 2 4 20 14 4
14 21 6 48 98 13 9
0 0 1 0 1 0 1
13 8 5 6 3 2 5
37 98 11 12 25 24 3
5 2 18 0 6 2 2
1 0 3 9 0 36 15
0 0 25 50 0 0 10
0 0 0 0 0 1 0
0 29 0 0 2 0 24
0 4 0 0 2 0 1
0 64 0 4 0 0 0
1 2 18 8 7 4 4
21 0 7 13 1 14 60
24 32 1 2 2 10 0
0 1 1 1 1 1 0
48 9 62 6 7 9 18
2 42 0 5 0 0 0
0 2 0 6 0 0 23
5 8 3 16 0 0 67
18 100 87 19 43 90 55
99 5 94 45 83 68 65
1 1 58 34 0 1 19
0 14 0 3 0 0 8
5 3 13 26 5 3 10
23 7 1 8 23 53 7
14 0 0 0 31 7 0
0 0 0 0 48 26 9
2 43 20 1 10 0 2
32 0 8 0 0 0 4
2 2 52 3 9 13 3
0 21 39 29 1 3 0
4 3 3 14 51 3 2
83 0 0 0 0 13 14
0 6 0 4 0 0 5
17 2 0 20 14 38 49
0 23 9 75 1 1 0
0 11 14 10 0 0 0
8 42 2 1 9 2 2
9 3 1 1 0 0 34
15 2 1 2 12 13 37
17 15 0 0 0 14 0
41 19 9 35 5 51 10
3 3 4 7 5 27 4
25 43 25 2 17 25 76
84 7 7 65 7 4 19
0 0 0 0 0 2 0
0 15 0 3 0 0 22
82 5 7 19 3 50 1
4 29 7 5 1 8 39
26 5 16 14 47 78 2
3 0 88 0 2 20 59
0 14 0 0 11 48 0
0 1 1 0 0 0 0
2 7 6 8 10 72 5
2 1 22 1 2 2 51
5 11 0 10 1 2 1
0 87 0 0 18 0 61
16 101 70 39 101 101 94
1 32 4 28 29 1 1
9 2 21 2 3 3 6
16 29 3 10 39 7 11
92 7 4 7 30 3 33
7 3 3 51 5 10 5
1 0 17 0 5 1 6
2 2 4 0 0 0 0
0 4 45 0 31 0 0
0 50 0 0 0 3 1
46 9 9 41 4 0 30
0 12 58 40 5 8 1
2 2 0 1 94 8 50
22 1 42 2 1 88 1
17 1 10 2 21 28 16
1 1 0 16 30 0 12
3 22 65 23 88 57 18
0 0 1 1 6 0 0
29 6 0 1 1 0 12
8 4 46 37 89 1 9
0 0 0 0 0 0 0
1 0 0 0 4 2 0
5 4 14 30 0 10 5
2 0 0 0 0 0 0
0 29 0 0 0 3 0
32 1 1 13 0 0 24
2 0 18 23 0 0 24
0 0 0 0 0 0 0
5 1 0 0 64 7 7
0 0 0 0 0 3 0
0 0 0 0 4 5 1
53 5 3 8 4 5 12
33 28 22 5 4 36 56
0 4 3 1 55 0 1
2 14 28 2 0 0 6
96 87 55 7 6 1 4
4 18 54 2 2 2 7
10 7 67 1 91 94 87
5 11 10 28 44 100 7
1 0 0 14 6 0 0
64 56 39 10 3 7 7
20 1 1 1 1 2 40
1 1 0 3 0 0 27
0 2 1 33 0 0 3
3 0 42 0 0 0 3
35 6 3 12 19 6 3
0 16 2 1 11 1 5
22 3 94 3 0 47 0
46 8 24 10 42 5 4
0 10 0 0 0 1 32
0 0 2 42 0 0 0
0 0 0 0 0 2 0
91 98 13 63 98 51 23
3 6 17 32 6 5 31
12 0 5 2 1 21 2
0 1 59 15 9 0 1
5 16 15 57 2 46 40
98 40 100 95 82 24 86
0 1 0 1 0 0 0
7 40 98 31 7 8 1
4 5 54 8 6 43 30
9 14 8 11 11 8 2
1 5 1 2 23 2 5
17 18 86 7 2 4 14
2 0 10 0 0 6 0
30 0 8 0 0 0 2
14 0 0 0 3 7 35
1 1 38 2 3 1 1
93 0 2 20 60 3 3
0 61 0 0 0 7 0
5 1 75 3 0 1 1
18 4 4 5 5 14 19
86 3 80 3 7 4 4
0 9 2 0 11 0 0
3 1 8 54 37 54 2
25 12 0 3 3 1 4
1 5 1 0 62 1 14
39 1 3 3 0 1 0
5 0 0 0 4 71 0
11 1 1 1 5 1 0
0 15 0 27 0 26 0
3 4 9 4 14 25 1
3 13 1 0 1 98 1
100 71 63 95 98 36 12
0 0 0 79 0 1 0
0 7 0 0 0 2 0
9 4 0 0 0 0 30
97 2 21 0 2 2 2
9 1 44 2 3 31 4
0 2 5 0 0 0 15
0 2 27 56 27 1 2
29 100 2 101 101 97 15
0 0 7 0 0 0 17
47 11 12 16 8 0 6
0 0 25 1 0 0 0
1 1 1 11 0 39 15
72 0 57 1 3 1 0
1 7 2 1 26 42 0
0 22 0 3 3 13 40
2 4 0 2 0 0 0
1 27 1 1 21 37 1
0 0 0 0 0 1 18
0 0 9 30 0 5 0
27 69 45 21 12 26 22
5 11 44 14 13 89 20
4 17 0 0 0 1 0
16 51 41 15 16 8 64
0 5 41 0 0 15 0
46 0 37 1 1 0 33
0 6 42 27 2 1 3
3 16 1 1 6 2 1
3 8 8 21 0 2 2
1 3 9 32 1 4 3
6 0 0 1 0 0 0
1 71 3 34 4 4 42
0 0 61 11 0 85 0
0 0 3 1 1 16 1
21 6 53 3 4 4 8
31 0 0 0 19 0 2
13 3 81 5 51 3 6
3 8 9 28 88 7 6
0 11 0 8 0 57 0
2 4 2 22 83 0 61
3 1 0 0 52 0 0
0 1 17 34 1 22 1
3 41 0 1 0 0 0
60 2 2 23 6 1 38
0 2 42 0 1 0 0
42 5 27 11 18 11 6
67 11 1 3 1 63 8
2 1 1 34 7 2 78
10 0 3 11 0 0 62
38 72 24 42 0 14 23
23 22 0 0 2 0 0
20 98 5 67 54 55 32
0 0 0 0 11 0 2
0 0 6 39 0 0 3
0 0 12 1 0 0 7
9 1 1 5 2 1 1
0 24 0 0 1 26 0
0 0 0 11 0 0 0
3 2 65 2 2 11 1
0 0 0 1 0 24 49
61 3 2 1 3 34 5
3 1 45 10 25 1 2
26 2 6 3 3 3 35
1 1 14 20 5 1 21
0 0 1 0 18 0 5
4 0 1 1 57 19 1
1 9 51 20 35 26 18
2 19 3 0 0 0 0
0 0 0 0 0 29 8
3 0 6 0 8 0 0
0 0 1 0 0 0 0
0 82 2 65 0 0 0
78 0 62 7 7 6 20
0 0 9 1 16 6 1
1 7 0 54 0 0 0
11 1 0 8 1 35 1
2 0 28 10 2 30 2
2 7 2 10 6 2 0
11 33 31 41 10 44 12
1 2 69 23 80 3 5
6 1 33 31 1 0 0
66 61 8 31 48 80 101
5 23 7 13 4 3 3
14 7 4 1 25 14 2
0 0 3 7 1 29 1
1 0 0 0 4 1 0
16 88 5 5 98 94 3
0 0 1 0 9 0 0
1 19 1 1 0 71 74
45 0 10 100 0 0 0
7 0 5 0 0 0 0
23 8 8 1 3 3 10
0 32 1 0 0 0 0
11 11 19 15 5 11 4
1 38 0 9 0 0 0
33 5 7 86 14 2 26
13 14 0 21 1 1 1
0 2 0 0 0 37 1
0 11 0 0 27 32 0
1 8 0 5 40 1 0
8 0 1 5 35 1 0
9 57 0 0 0 0 5
8 44 1 0 0 10 1
10 7 7 7 5 31 21
2 0 0 0 11 0 0
1 1 20 1 4 1 32
0 0 3 0 0 0 0
37 17 41 1 8 7 9
27 5 14 7 38 1 7
4 0 0 3 0 23 0
9 1 0 19 24 0 0
0 2 0 0 14 2 0
70 14 26 11 13 30 2
6 0 33 1 2 0 1
0 18 2 0 1 0 0
0 23 32 0 0 12 0
9 0 0 51 1 2 1
0 2 3 0 1 0 0
8 0 0 1 0 5 0
1 40 0 0 0 0 5
0 0 0 25 2 0 7
0 0 0 13 20 0 1
0 0 0 0 2 0 0
91 43 44 56 65 3 99
0 0 0 2 1 44 0
1 0 0 0 1 0 0
2 0 0 0 0 6 0
29 3 3 7 4 16 1
1 1 25 1 0 9 15
20 22 52 68 3 20 23
1 73 29 4 5 2 4
0 30 0 6 0 9 0
83 32 94 24 16 75 9
0 1 0 0 0 2 0
10 2 0 10 2 4 31
43 91 84 44 6 80 42
40 44 29 3 63 2 14
40 0 0 1 0 32 0
5 0 1 3 1 0 11
0 44 0 0 0 15 8
0 0 1 0 0 0 0
4 15 13 0 2 2 0
35 41 2 3 0 0 0
0 60 50 6 29 6 6
0 0 0 0 1 0 0
0 13 0 0 0 0 38
94 60 44 96 41 73 99
1 1 101 17 2 10 2
91 37 98 3 2 93 14
0 1 0 3 0 0 0
6 0 0 45 0 0 1
1 0 0 0 0 0 21
38 10 31 8 4 1 36
39 0 0 0 0 0 0
3 0 1 0 60 30 1
95 3 100 4 2 6 55
0 13 9 50 14 7 11
2 3 4 17 2 1 3
37 15 6 10 11 40 6
43 20 4 5 0 18 2
0 0 0 1 1 0 0
0 29 0 0 0 52 0
0 30 0 8 23 0 0
18 10 3 76 26 52 15
61 4 38 6 26 86 16
0 38 17 31 2 0 2
11 3 3 4 12 1 50
8 7 1 5 5 74 15
2 1 1 99 3 14 2
1 4 0 8 4 34 28
22 0 0 0 0 0 1
0 0 43 0 4 37 0
15 17 30 5 3 4 1
0 0 0 0 0 0 0
38 4 1 1 0 5 0
4 2 14 6 6 38 61
3 9 1 1 0 2 1
0 19 45 0 7 2 4
0 40 0 0 5 0 0
1 0 12 1 0 0 0
24 0 5 0 0 0 14
3 0 2 0 32 1 8
43 48 3 8 3 60 5
8 0 0 1 1 0 24
0 2 18 10 2 31 2
1 9 0 2 0 0 0
1 1 7 1 1 12 32
3 1 0 0 32 1 75
26 3 1 2 10 3 5
0 8 3 0 0 0 0
0 16 16 0 0 0 0
37 7 2 1 6 0 0
0 0 0 1 0 5 24
0 0 0 0 59 37 57
71 74 28 46 24 42 13
3 39 15 31 2 1 0
65 0 1 1 0 90 19
0 0 0 0 0 1 0
29 9 10 11 44 7 1
0 0 17 0 1 0 21
5 3 2 18 4 52 2
2 4 4 2 10 4 52
2 2 4 74 0 3 2
91 1 18 2 11 10 56
1 0 0 38 0 3 0
16 11 56 2 1 2 0
2 42 4 31 2 3 3
4 0 5 12 0 0 0
6 9 10 53 33 35 2
0 10 86 0 0 1 0
0 1 12 0 8 100 1
50 0 7 1 1 26 0
1 10 1 0 1 43 84
63 0 1 3 8 18 28
0 1 2 6 2 3 4
0 6 0 1 0 1 0
8 20 14 8 7 51 0
1 0 0 0 3 14 0
0 38 0 0 0 5 28
0 1 8 0 0 4 0
18 25 25 17 3 11 62
3 11 3 5 3 1 1
3 16 93 1 0 0 2
83 18 49 6 2 29 11
1 4 1 0 0 5 54
3 6 28 14 11 27 19
0 0 0 0 0 0 0
26 15 65 15 4 0 26
0 0 0 0 0 5 24
5 17 3 6 10 14 2
6 5 6 1 4 8 22
3 4 10 0 2 2 0
8 5 0 1 2 2 26
2 3 61 1 1 1 0
48 0 1 1 0 0 0
52 0 0 0 26 0 27
2 0 0 0 36 33 47
11 4 1 2 3 6 2
0 2 12 4 20 0 4
1 11 2 57 21 3 0
0 0 0 1 0 0 50
4 2 2 2 2 3 3
3 2 3 24 3 3 9
1 11 1 3 5 0 45
19 0 6 0 0 0 0
2 3 2 27 14 0 2
1 1 1 1 3 100 16
0 0 15 0 12 3 0
7 2 0 49 82 2 0
0 0 0 0 0 15 3
6 15 2 0 0 0 0
0 0 0 0 18 0 0
24 15 1 3 46 13 14
45 0 0 27 1 0 0
21 51 16 10 24 11 15
0 23 3 0 0 2 0
65 93 0 16 5 3 4
2 12 2 1 16 68 1
15 4 3 5 25 51 4
0 0 18 0 0 33 6
7 60 0 81 0 0 0
0 2 0 2 90 10 46
0 0 13 0 0 3 43
0 8 0 2 3 0 0
34 0 0 0 2 12 0
10 19 37 31 22 99 95
88 9 85 90 18 29 91
22 0 51 30 18 22 29
3 7 0 32 0 19 1
0 0 0 0 2 2 39
0 17 19 1 0 1 2
51 101 15 75 11 0 13
0 0 3 0 53 0 79
6 83 50 14 7 9 13
0 0 0 0 6 5 0
5 9 31 8 1 12 4
5 61 57 40 1 4 0
0 0 3 0 0 1 33
21 0 3 4 1 2 6
0 1 41 0 0 4 0
0 0 0 4 5 2 0
2 65 26 1 6 2 29
0 17 48 5 5 5 66
1 1 18 21 1 0 35
8 59 1 2 28 2 1
0 23 0 35 9 0 0
3 0 0 0 2 0 5
4 4 23 1 4 37 9
0 44 0 6 0 7 0
0 26 10 0 4 0 0
12 0 1 0 38 1 34
0 0 12 21 2 2 23
6 1 0 1 1 3 60
54 1 10 2 0 9 0
0 0 0 1 0 2 0
62 11 11 0 28 75 11
1 6 2 2 1 36 6
75 90 17 14 81 1 24
0 1 4 19 21 0 11
0 0 0 1 0 6 1
0 0 1 35 0 9 0
0 0 0 0 20 0 0
0 0 59 9 1 11 0
0 0 0 2 0 4 8
53 69 17 0 3 23 33
0 29 0 28 0 0 0
0 1 82 21 1 5 1
25 2 1 1 2 3 4
20 2 0 0 0 57 0
22 24 9 1 3 2 3
65 0 0 3 2 3 2
18 4 1 72 1 1 0
4 12 96 2 9 9 29
48 1 5 1 0 0 0
3 4 0 2 0 0 0
23 8 2 34 0 1 1
6 0 18 5 7 17 6
0 0 0 5 7 0 1
11 9 67 21 5 0 74
29 98 12 3 9 4 0
0 0 1 0 4 0 26
4 7 14 8 8 0 4
4 12 6 30 20 60 0
0 0 0 0 0 8 0
0 1 1 3 1 10 4
0 0 0 0 20 11 0
0 2 0 16 1 0 0
3 14 1 43 10 0 3
1 2 16 36 0 76 0
0 12 1 0 4 0 0
0 0 0 0 34 42 0
59 1 38 1 0 1 7
4 1 0 1 47 0 6
0 0 8 1 1 0 3
1 2 68 1 1 10 67
0 0 0 26 0 14 0
0 2 1 0 0 19 0
19 0 3 43 0 0 0
2 1 32 15 10 0 0
0 0 30 0 0 9 0
3 3 4 1 3 6 3
2 0 0 0 42 73 0
1 22 24 13 6 5 10
18 14 11 50 11 3 2
23 0 4 39 13 16 23
1 1 4 4 1 1 1
1 1 1 1 47 32 95
8 16 70 1 9 16 5
0 1 30 1 2 10 1
11 5 2 6 0 3 97
1 1 1 14 1 5 22
3 3 36 89 0 0 18
18 2 11 4 4 5 84
34 1 14 0 34 0 1
12 0 4 4 5 1 53
56 94 1 3 1 15 3
1 12 1 30 1 0 1
40 4 0 1 6 1 1
16 7 0 0 9 0 0
3 19 4 0 2 2 1
2 0 2 1 0 0 0
10 12 2 10 8 15 15
65 9 28 7 9 48 3
0 0 1 19 0 0 3
40 20 101 93 56 84 101
0 9 2 0 0 0 2
0 0 0 1 76 0 1
0 0 0 0 0 0 0
1 1 16 42 7 0 1
0 8 29 7 2 3 3
0 22 3 21 3 12 2
0 42 0 2 48 0 0
18 5 6 52 5 43 87
45 1 0 91 16 11 3
1 11 1 1 1 2 0
0 0 0 46 0 1 11
1 0 2 15 13 1 19
15 27 10 38 22 2 60
7 2 3 19 2 1 0
29 4 1 88 3 6 70
17 38 39 74 24 17 3
0 0 0 17 0 9 1
2 11 73 29 2 0 3
0 3 22 9 0 2 2
5 1 24 1 0 1 49
1 0 0 0 42 0 6
11 0 0 0 2 0 1
7 0 0 3 0 4 1
1 1 6 3 14 1 1
0 0 4 0 1 0 1
1 8 36 13 42 39 13
0 0 0 1 0 1 1
0 69 1 21 0 1 1
51 6 15 12 75 6 2
3 86 31 10 1 7 4
8 15 6 23 14 5 5
4 34 12 15 89 7 86
3 0 65 0 1 0 0
4 4 4 4 58 2 0
0 0 0 0 1 16 6
4 99 6 8 83 42 1
49 88 1 34 101 97 22
2 7 1 0 1 67 2
47 47 18 80 38 97 95
2 0 1 0 0 0 1
20 1 13 1 1 1 3
0 8 0 0 19 29 0
0 58 8 59 0 0 0
27 3 19 0 0 0 0
0 6 0 0 0 0 28
22 4 0 27 0 0 0
43 6 1 46 4 4 4
63 1 0 0 44 0 0
10 0 0 29 0 0 0
27 0 0 5 0 1 0
2 0 0 0 81 0 0
0 14 0 9 1 2 1
48 0 0 0 0 0 0
83 0 25 17 0 0 0
17 1 0 0 0 4 0
1 0 14 0 0 0 59
27 20 21 17 69 17 16
0 0 0 29 2 31 0
0 0 0 0 26 0 0
86 38 0 0 0 0 34
2 38 0 2 10 15 0
7 70 6 69 80 6 8
0 0 16 0 28 0 1
65 0 34 5 25 1 1
2 4 48 87 97 54 92
1 2 64 25 0 79 0
0 4 1 1 16 1 40
5 18 38 91 11 1 30
12 9 73 8 27 1 33
5 1 1 57 1 1 1
87 2 1 3 5 3 34
0 26 0 0 0 0 2
0 4 0 0 1 0 21
1 1 1 1 42 3 5
10 2 63 2 2 2 8
0 5 53 3 6 9 0
0 10 1 0 0 1 0
1 0 13 0 0 6 0
7 2 2 99 10 1 2
6 0 0 4 0 1 96
0 57 0 2 0 0 6
2 3 50 9 2 2 0
3 95 61 3 3 0 20
0 0 0 0 0 0 1
0 0 0 0 0 15 0
0 0 0 0 1 1 0
9 5 17 4 38 3 5
5 1 1 9 48 1 0
1 1 9 1 21 11 0
93 6 14 29 10 11 16
16 19 68 98 16 51 3
0 0 0 2 1 0 2
0 1 48 0 0 0 0
6 0 1 25 1 0 10
0 21 0 0 0 0 0
33 11 8 0 31 64 11
28 29 3 33 24 2 90
5 0 0 0 0 32 0
0 0 5 1 0 0 0
66 48 24 10 24 20 7
2 0 39 0 56 0 0
8 26 26 41 5 53 54
0 11 0 2 0 1 0
0 91 79 6 0 0 0
0 13 0 0 49 0 32
25 34 101 33 66 50 97
2 19 1 20 46 1 2
10 9 11 0 2 1 2
17 1 1 0 1 0 1
4 3 2 2 8 17 3
0 67 0 7 0 0 0
6 0 3 41 1 74 3
5 4 22 4 0 0 12
1 2 1 0 4 1 4
18 0 0 2 0 0 0
0 0 0 2 0 0 0
0 13 6 5 1 2 2
1 1 12 1 3 2 0
41 6 4 12 2 3 14
0 0 2 0 0 0 7
65 1 0 67 6 34 6
0 0 0 66 0 0 6
0 26 0 0 0 0 14
0 0 0 0 0 0 0
3 51 5 0 1 2 2
1 2 5 1 1 3 0
0 69 2 3 2 2 0
7 0 0 0 0 13 0
0 0 0 0 17 59 1
1 27 1 2 2 8 8
5 0 0 0 25 0 1
1 7 5 1 1 1 3
1 6 0 20 1 1 9
0 0 1 18 0 0 0
11 0 7 0 0 0 33
0 0 46 0 0 58 1
64 0 1 0 0 0 0
30 2 0 1 1 61 1
4 0 1 0 4 1 33
96 23 0 0 1 5 19
31 54 2 1 30 0 1
7 27 5 7 45 6 69
18 3 1 1 1 1 13
8 2 0 7 16 1 0
0 0 0 0 0 86 44
6 1 29 0 2 0 1
6 0 3 3 59 7 1
0 0 0 0 89 60 23
0 9 30 16 9 32 14
24 8 11 0 72 11 55
1 3 1 1 1 73 7
85 1 9 0 1 1 84
38 80 99 2 21 100 89
1 43 20 2 22 2 1
3 0 0 0 0 0 2
67 11 7 12 2 81 14
0 0 1 0 0 0 7
9 1 53 0 0 54 0
68 0 2 0 0 0 4
0 0 0 27 1 1 0
2 0 0 0 0 0 19
10 0 0 0 0 9 6
1 0 0 0 26 0 0
0 0 11 2 0 0 27
24 1 6 2 2 0 38
3 0 0 20 6 0 0
0 64 0 0 0 0 0
5 9 17 25 9 63 6
0 0 0 0 1 0 14
16 1 7 10 8 13 1
35 11 6 22 8 77 8
0 0 0 1 0 0 0
26 19 6 17 62 76 57
1 22 0 57 3 4 0
3 17 15 3 7 35 8
0 63 0 1 0 0 0
17 2 6 4 0 35 4
5 2 47 7 0 5 45
2 11 6 22 34 40 0
3 13 0 0 22 23 1
14 0 1 0 1 0 0
0 0 1 0 16 0 0
4 71 1 1 29 4 7
0 8 0 1 1 0 3
0 29 10 1 1 0 28
14 0 0 53 0 7 0
0 0 12 0 0 0 2
23 6 10 10 11 0 34
4 4 16 2 7 7 4
0 83 18 2 1 14 2
0 3 11 0 0 22 0
2 1 0 14 1 1 1
0 14 1 0 66 0 0
14 0 51 12 19 20 6
70 0 1 0 0 0 5
18 2 2 16 0 6 1
54 5 10 4 16 101 12
1 26 9 1 2 1 16
0 7 0 0 0 70 0
6 55 54 13 13 8 5
3 1 1 13 0 6 1
1 3 0 10 8 1 3
0 0 0 0 0 0 10
42 15 0 0 0 0 4
1 2 6 1 1 11 0
0 17 0 1 0 62 2
8 2 0 5 8 4 48
1 1 1 1 37 14 0
0 0 72 0 76 0 0
0 7 0 0 0 3 78
0 0 0 0 0 3 5
0 0 0 0 52 0 0
0 23 2 1 64 1 2
0 2 0 0 0 1 69
15 17 76 23 86 24 97
20 1 14 3 99 3 4
0 1 0 0 1 4 0
1 0 1 11 58 13 0
7 3 26 14 1 10 1
0 0 0 0 0 0 66
9 73 15 46 6 34 23
0 3 0 0 0 7 23
0 0 0 0 0 6 53
0 5 0 47 0 4 0
1 1 0 0 0 0 0
2 10 93 5 1 5 22
3 0 8 0 0 0 1
0 0 0 2 15 0 3
5 0 1 55 0 0 0
20 15 2 4 4 2 6
0 2 82 77 1 21 2
5 1 0 19 2 0 1
2 3 0 1 45 16 0
51 96 7 7 5 12 6
3 2 1 100 2 54 2
31 0 24 0 0 0 12
56 1 6 14 5 1 21
0 0 0 0 0 0 0
21 4 1 0 1 1 28
100 28 98 12 97 100 86
23 3 54 24 1 6 0
0 1 0 0 6 0 0
31 0 41 1 1 2 0
0 0 67 0 2 0 0
3 1 1 48 39 10 2
0 0 0 1 1 2 0
11 3 0 0 0 0 0
1 26 27 4 4 9 43
5 3 3 8 11 3 1
19 0 0 0 0 6 8
68 80 32 62 100 73 50
0 0 61 1 3 0 0
1 3 0 1 11 5 1
3 3 17 0 6 32 3
5 2 0 1 0 0 0
4 0 6 0 0 27 0
0 2 0 0 0 0 0
15 2 1 1 2 29 0
33 0 6 0 18 0 0
2 2 19 14 6 2 0
2 13 0 20 0 0 3
0 0 0 1 0 0 6
4 3 0 2 0 0 0
0 0 4 1 0 13 0
0 0 0 0 3 0 0
95 2 0 0 0 0 19
4 98 8 16 16 62 85
1 92 2 58 30 1 2
13 14 3 14 2 3 13
4 6 5 2 5 24 10
0 0 8 24 8 0 0
0 0 0 41 0 42 0
12 0 0 1 0 0 0
20 6 28 10 4 97 28
48 4 3 4 13 5 4
6 4 12 6 17 2 36
1 35 1 3 5 1 32
4 3 43 64 4 25 13
0 0 0 1 1 0 0
0 0 7 8 0 0 1
58 0 0 0 63 0 21
89 2 2 55 3 2 1
2 1 3 3 36 15 15
41 10 0 15 0 96 0
6 3 2 3 3 27 17
54 1 2 2 5 34 1
7 0 0 0 2 11 0
2 2 13 1 20 2 2
8 7 0 1 0 5 1
34 6 6 83 1 29 0
0 0 0 0 2 4 0
19 73 0 1 1 86 0
0 1 10 0 0 0 1
7 86 3 20 7 33 7
0 0 0 0 0 0 1
0 0 0 6 0 0 3
0 18 0 0 3 1 61
0 0 1 0 73 0 0
0 0 0 0 3 1 33
0 12 0 7 39 1 2
2 41 8 3 1 22 1
8 18 0 14 1 1 0
0 0 4 5 0 0 0
5 1 81 45 4 3 22
4 0 2 0 13 9 2
0 1 18 34 23 1 1
42 0 0 0 0 0 1
12 1 8 2 0 2 8
13 0 3 0 0 2 0
0 18 0 0 5 1 0
83 84 84 19 6 30 26
0 0 0 2 2 5 0
84 75 0 18 0 0 0
10 5 79 17 24 4 3
88 1 42 0 1 13 0
0 37 0 0 9 11 0
0 4 24 0 49 0 0
8 0 0 48 0 0 11
7 31 0 79 0 0 0
22 2 4 63 6 57 5
31 1 10 17 12 16 33
2 2 9 5 0 81 1
0 0 48 7 1 0 0
0 17 0 0 7 2 0
68 8 44 6 6 8 10
21 12 3 55 14 10 10
0 0 0 1 0 46 3
2 0 0 1 29 0 0
27 1 3 2 36 3 9
0 0 0 0 0 0 0
4 1 2 2 50 20 1
79 7 0 0 0 0 48
0 5 0 0 46 0 0
0 22 1 1 81 0 0
2 7 1 0 1 20 4
4 3 6 4 40 1 6
3 0 0 0 5 45 0
50 0 2 5 0 9 3
0 55 0 0 0 1 0
0 4 0 0 0 3 0
34 31 7 19 54 48 10
65 7 33 21 42 21 9
1 0 0 0 0 0 2
11 9 16 10 81 54 2
2 2 46 4 4 1 71
16 16 23 32 4 45 16
1 13 0 1 8 29 0
1 1 0 21 6 0 15
0 1 6 3 1 18 1
0 0 0 0 96 20 4
1 1 8 1 1 1 1
52 30 37 65 91 56 28
0 0 0 9 0 4 3
0 5 16 3 12 2 3
4 61 5 7 87 2 17
20 5 12 19 10 8 11
0 0 0 0 10 30 0
1 52 6 1 1 0 19
22 34 16 1 2 2 2
0 8 4 0 0 0 10
44 0 0 1 1 1 44
2 2 11 40 5 14 11
0 0 1 0 0 1 0
4 80 23 13 7 34 15
6 25 4 0 0 4 4
0 0 39 0 7 0 1
3 0 0 13 0 0 63
2 0 10 72 0 0 0
1 1 1 17 27 3 0
0 15 39 2 8 2 1
0 0 0 45 0 4 0
57 20 4 9 5 38 14
0 0 0 0 0 6 6
56 11 45 3 8 1 21
21 2 1 1 53 15 2
26 93 94 19 59 77 76
0 13 0 0 1 15 0
2 4 32 5 8 2 34
0 2 0 21 13 1 13
6 3 4 4 7 65 2
30 1 18 27 25 10 6
73 99 99 99 78 54 66
2 30 2 6 5 2 2
38 76 2 8 5 17 11
0 13 0 61 0 0 0
9 0 27 17 13 74 6
1 1 83 29 8 2 3
10 0 0 3 0 46 0
0 4 0 2 0 1 0
0 0 0 15 20 0 1
10 3 1 0 0 0 45
80 1 0 20 0 2 3
0 0 1 20 4 0 0
98 0 16 39 0 0 0
8 43 12 50 15 30 57
1 0 17 0 1 2 39
0 2 0 76 0 0 72
11 4 1 4 6 57 4
8 2 40 95 0 0 1
60 7 9 5 62 7 7
10 2 5 4 66 51 3
78 77 89 82 80 24 49
7 17 0 0 1 0 33
14 25 5 12 0 6 2
4 24 1 80 0 0 60
0 16 0 0 0 0 79
2 1 1 2 7 19 4
4 30 3 18 81 4 3
3 11 8 15 3 1 0
1 1 3 63 1 1 4
0 2 2 1 2 11 2
0 1 0 21 0 0 39
1 21 11 0 37 0 1
0 15 0 3 0 1 96
0 2 5 0 0 0 0
0 0 0 0 0 43 0
0 11 0 0 56 0 4
16 31 0 0 0 82 0
0 11 4 1 0 2 1
0 0 34 0 0 2 1
0 15 4 7 6 19 1
34 0 0 7 0 13 0
100 14 101 101 63 74 94
2 3 2 7 30 2 35
4 32 4 75 64 2 4
0 1 8 24 0 0 0
3 1 1 0 0 100 6
0 0 0 0 62 4 95
1 0 13 0 0 21 0
7 33 13 18 26 11 0
9 14 11 2 9 1 49
0 72 0 0 0 0 0
1 8 15 0 4 2 2
0 0 12 0 11 0 0
0 0 2 0 25 0 56
59 67 84 39 91 53 49
17 1 31 55 15 53 36
0 0 21 0 0 1 0
37 4 2 1 22 24 4
14 13 0 0 13 0 0
0 0 0 66 0 56 0
3 0 30 0 0 0 0
0 0 2 0 0 1 7
2 42 35 22 79 15 22
0 0 3 0 41 0 5
16 17 6 3 4 5 9
0 5 2 0 0 0 0
68 101 72 94 100 101 15
2 67 13 92 1 1 2
41 0 0 0 1 1 0
1 0 0 0 0 3 1
0 2 2 4 1 4 5
10 30 0 12 0 6 6
8 25 4 4 2 8 2
0 6 0 0 0 4 0
3 0 36 1 0 0 0
8 0 1 0 1 16 0
0 1 20 0 0 0 0
1 0 8 1 61 64 1
11 1 87 90 64 24 90
1 11 2 1 3 7 43
86 68 49 101 40 101 61
1 0 46 5 0 0 0
71 0 1 0 89 1 8
85 5 1 1 0 6 1
15 12 59 3 12 92 15
61 67 45 58 80 36 97
20 0 1 33 3 15 3
9 0 4 22 0 0 80
3 33 17 2 3 59 1
12 1 1 26 0 12 1
0 0 1 33 0 0 25
0 0 0 0 0 46 29
33 0 0 1 0 2 0
7 1 2 1 1 2 0
1 18 63 0 0 35 1
1 12 22 6 16 16 16
2 0 6 0 0 48 0
8 1 6 64 2 1 2
0 34 0 0 4 0 0
14 35 3 19 2 0 3
0 2 0 0 0 0 68
1 0 0 4 0 12 21
11 0 44 1 5 2 7
9 12 0 0 0 0 0
10 8 27 99 31 14 15
0 0 0 0 39 0 3
4 5 0 0 0 0 8
0 14 0 0 0 0 0
0 0 0 4 67 0 0
11 76 4 2 1 89 5
7 0 0 2 2 40 4
0 32 0 2 17 0 0
22 76 11 35 27 0 11
1 9 12 3 0 0 6
5 0 0 0 4 0 0
15 98 31 59 99 23 99
0 0 12 0 0 28 17
1 3 4 52 4 31 7
0 1 0 11 0 0 0
0 0 0 0 11 0 73
24 5 3 47 15 24 7
11 25 1 0 10 0 0
0 0 0 0 0 39 0
0 0 0 0 0 9 0
2 2 1 81 16 0 19
7 25 2 14 1 2 3
1 0 0 29 2 0 0
0 11 0 6 0 0 1
0 0 0 2 0 64 3
48 0 13 5 7 0 6
1 2 31 12 62 5 5
2 3 0 43 71 3 23
5 2 37 68 10 49 74
1 0 0 0 0 0 16
38 91 3 31 3 5 2
0 0 1 9 0 0 0
43 15 12 7 3 48 8
0 0 0 3 8 0 67
0 1 0 0 76 0 0
2 13 0 2 2 5 14
0 7 28 4 8 5 4
0 0 36 32 0 2 0
6 6 10 6 8 19 6
16 8 22 39 18 22 10
9 3 4 27 9 26 9
1 2 76 1 2 3 32
39 0 0 1 0 0 23
0 0 36 0 0 20 8
4 18 2 6 1 3 2
98 10 21 22 63 17 99
3 1 3 0 59 13 0
3 16 20 3 5 1 9
0 10 0 0 0 16 5
15 33 10 22 74 10 10
40 14 46 6 55 2 2
1 9 5 1 7 1 1
0 0 0 41 1 10 0
2 0 3 0 0 1 0
0 31 1 1 1 3 3
0 3 0 0 0 0 42
0 0 0 3 5 0 0
1 0 3 0 0 0 13
4 0 1 0 0 0 4
7 7 7 4 21 8 3
65 1 85 0 1 22 0
0 0 1 0 3 0 1
0 0 0 0 0 31 0
1 37 9 1 1 0 83
0 0 7 39 0 0 0
32 55 14 6 5 2 9
13 0 0 0 3 17 0
23 24 43 51 34 51 4
7 1 0 0 0 0 0
0 3 0 0 3 0 2
0 0 0 0 0 0 42
4 6 2 3 10 2 3
8 0 2 0 0 0 5
54 14 2 2 11 0 0
0 0 46 24 0 0 58
21 81 3 3 4 44 2
6 0 44 10 10 28 10
0 0 0 0 0 1 0
16 15 6 18 7 4 6
0 0 5 4 0 0 0
94 16 6 23 4 4 5
51 4 2 100 5 20 1
67 5 7 83 11 4 7
1 14 1 23 13 2 0
0 2 0 17 10 0 0
1 5 26 8 1 0 1
0 0 29 7 0 4 0
1 2 5 4 2 2 27
12 8 30 19 10 77 25
0 7 1 0 0 0 0
0 0 4 0 0 1 1
0 0 34 19 0 22 0
64 41 4 0 1 1 1
1 0 13 92 1 0 6
0 0 0 2 0 19 1
2 28 2 0 20 0 20
37 4 11 14 78 25 29
4 76 0 0 84 4 7
2 0 15 0 0 10 0
53 1 0 8 0 0 16
2 43 2 4 0 2 2
12 7 0 0 36 0 0
1 8 1 3 0 0 12
9 6 34 5 11 0 9
0 0 2 0 2 0 0
24 67 5 19 7 7 10
16 1 8 19 1 1 1
0 1 17 1 5 35 0
9 16 8 1 2 1 1
11 0 0 12 5 0 0
2 5 18 1 0 2 4
2 6 8 33 6 31 0
10 10 11 40 43 5 10
0 0 3 0 0 0 2
71 23 96 51 45 5 88
14 4 12 5 6 8 17
5 13 7 3 6 7 6
65 0 0 0 5 0 33
0 0 1 0 0 18 2
58 16 3 1 4 98 6
33 101 69 35 101 96 79
33 100 3 15 7 32 2
0 0 41 0 3 0 0
7 22 0 0 0 0 0
6 4 4 3 68 18 0
51 0 0 0 1 0 1
73 30 1 6 0 58 5
0 0 3 85 0 0 0
53 90 96 32 44 66 26
0 0 13 1 0 0 0
0 0 23 0 0 0 39
0 0 0 58 0 0 0
0 3 0 0 27 0 11
2 18 97 17 87 89 91
5 27 0 1 0 5 1
42 4 1 1 1 87 8
22 7 0 0 0 0 0
0 0 0 0 12 0 5
0 0 4 0 0 0 9
12 27 4 1 11 51 74
41 21 12 2 0 0 2
2 8 5 4 10 10 19
20 0 2 30 0 0 0
0 1 91 60 8 1 9
8 2 9 1 1 8 1
2 3 3 9 92 52 3
0 0 0 3 4 58 0
0 8 0 0 0 16 7
0 30 0 0 24 0 3
1 4 1 5 1 1 2
4 0 2 0 1 0 0
7 1 84 0 4 4 17
9 34 16 17 41 5 6
5 25 5 1 31 5 26
0 5 59 0 0 0 2
5 1 0 0 0 0 0
7 6 0 0 94 0 0
62 5 8 92 3 10 11
37 2 13 11 1 4 0
0 0 0 3 2 0 4
0 0 5 0 4 1 0
49 22 62 35 13 25 4
1 1 6 20 9 3 0
1 1 0 0 0 0 0
6 38 6 2 9 43 59
6 1 3 19 3 34 0
8 0 7 0 22 0 0
3 5 7 2 8 1 9
2 3 1 2 5 7 2
23 11 5 3 51 10 66
0 1 0 0 52 3 0
1 45 2 18 4 5 4
2 4 1 1 44 1 1
0 0 48 0 1 21 0
1 1 25 4 0 0 4
12 53 18 18 3 5 13
11 20 0 79 0 0 0
1 5 0 7 0 4 1
2 3 5 2 26 3 7
9 0 0 14 0 0 0
1 0 53 0 1 5 80
0 3 1 1 0 0 0
1 1 56 1 8 0 2
40 86 42 101 101 101 100
0 0 1 1 5 0 0
20 6 0 0 1 0 0
0 22 16 0 1 0 0
0 0 0 0 2 0 0
1 2 56 11 5 7 1
1 1 0 0 0 0 3
1 42 28 1 3 100 3
2 3 1 1 1 7 1
33 1 0 5 4 14 1
21 2 2 1 0 23 14
2 0 0 0 1 3 0
0 10 0 6 18 0 0
7 2 39 98 2 2 27
0 0 0 1 0 1 2
33 4 6 29 6 51 2
5 2 53 45 2 65 0
1 1 1 2 10 10 2
1 0 0 70 0 0 0
0 0 4 0 2 0 57
98 1 86 3 1 0 37
0 0 30 0 0 0 0
0 11 0 0 8 80 0
60 2 2 2 2 10 98
24 23 4 1 4 33 4
0 0 47 6 0 0 1
22 5 3 3 3 4 14
2 8 6 1 5 19 2
1 2 1 44 21 4 0
6 2 22 2 0 2 100
0 0 0 0 15 64 0
2 3 1 24 3 21 6
34 14 5 3 36 19 10
16 0 9 13 3 76 9
8 5 8 3 1 1 3
6 0 0 0 0 11 0
1 13 18 1 0 1 85
38 5 0 0 0 0 11
3 0 3 4 0 0 0
3 4 53 2 1 38 2
11 55 1 0 0 0 0
3 0 1 0 0 4 0
10 0 1 29 1 0 3
1 3 100 4 32 0 3
0 1 5 0 5 0 0
1 29 4 72 13 20 24
1 1 90 0 0 6 1
55 0 0 0 12 2 0
2 23 0 0 6 15 5
4 7 41 7 89 6 31
4 1 1 0 0 47 1
35 24 81 5 5 2 12
0 0 0 10 58 0 0
0 0 0 0 17 0 0
0 0 0 8 0 16 0
11 2 5 3 31 7 5
38 0 0 40 4 0 0
0 8 2 6 56 1 2
26 0 32 1 1 1 20
1 10 58 2 0 3 3
38 30 17 28 70 14 30
0 9 0 0 0 12 1
2 2 2 71 9 1 11
19 8 8 8 12 85 42
0 1 0 0 0 3 0
0 1 0 13 0 1 0
32 20 0 0 28 22 22
0 1 0 1 0 0 4
0 0 0 48 0 11 3
9 0 0 0 4 2 0
10 5 0 23 0 0 0
11 4 73 20 16 69 1
0 42 6 0 0 0 1
4 0 24 24 4 26 4
0 2 8 0 0 0 0
6 8 20 1 38 1 0
5 5 44 2 55 16 4
3 29 44 1 3 8 3
0 0 0 2 0 28 3
31 9 18 37 17 19 8
11 63 11 14 90 4 6
0 4 1 0 3 3 9
8 8 59 11 6 6 8
2 0 2 81 66 31 3
7 9 13 1 1 1 0
3 0 0 1 8 1 24
4 38 3 24 4 1 11
0 0 7 18 1 0 0
0 0 5 9 10 0 0
0 23 7 0 4 0 0
6 2 0 2 7 0 53
0 0 0 0 1 41 4
0 0 0 0 82 0 4
6 0 0 0 4 55 0
0 25 4 19 8 9 15
14 4 4 20 32 2 4
7 25 0 18 0 0 0
2 3 9 2 3 5 24
3 0 0 6 11 0 0
0 0 0 0 3 1 5
3 0 0 0 0 9 9
0 1 0 3 0 91 3
0 1 14 0 0 0 1
58 1 0 2 52 1 1
14 1 0 1 0 63 85
4 4 6 7 0 53 1
1 0 3 67 7 16 11
5 18 1 5 37 5 80
26 7 3 0 19 3 3
32 0 0 0 0 4 0
17 21 4 4 0 3 16
0 11 0 0 0 1 0
11 2 3 9 1 4 2
13 11 7 10 5 11 14
0 9 1 18 0 70 0
0 0 0 1 0 18 34
0 0 0 2 14 2 0
1 2 5 0 51 2 1
3 1 69 58 2 10 1
52 52 5 4 0 35 1
2 68 0 6 0 0 0
7 0 0 0 0 1 0
6 10 93 28 0 11 15
3 0 3 11 5 65 43
2 4 46 1 6 97 27
0 6 10 3 0 0 0
8 2 29 100 10 6 37
2 38 2 10 23 2 1
0 0 0 4 0 18 11
0 3 0 0 1 50 0
0 43 0 15 0 4 0
0 15 0 17 0 17 0
17 79 0 0 1 0 0
4 33 1 1 1 1 0
38 9 25 9 2 51 7
42 0 75 0 0 0 5
0 1 1 5 0 4 8
0 0 73 0 0 0 0
0 9 0 2 57 0 0
6 0 6 25 7 76 1
10 14 0 0 15 0 0
10 17 5 40 12 6 1
5 10 1 100 29 2 2
4 4 4 4 56 4 56
0 9 0 0 10 0 74
0 0 10 1 1 1 23
0 0 0 0 0 8 0
4 26 2 17 3 0 22
3 0 8 2 38 0 15
0 0 0 20 79 0 0
3 1 4 1 0 2 0
1 62 4 85 12 86 2
0 0 5 0 0 16 43
15 7 4 18 75 4 2
43 0 0 0 0 0 0
0 14 0 0 1 0 38
0 87 0 22 7 2 2
79 35 2 7 4 14 2
5 16 73 0 0 0 0
1 13 3 1 29 19 4
58 6 5 4 22 6 54
0 0 29 11 0 3 0
10 31 0 92 10 0 51
15 13 8 24 82 43 3
8 20 5 1 26 0 13
0 5 1 0 0 0 0
0 0 0 0 11 8 0
0 0 0 0 0 0 0
71 45 4 9 35 5 0
6 22 6 43 23 0 3
1 1 0 0 2 7 1
0 0 7 0 0 0 0
35 1 0 3 3 13 23
49 3 8 3 11 0 3
7 20 3 3 11 2 4
2 1 0 13 21 1 0
0 57 2 7 27 7 20
0 0 0 4 11 0 14
27 0 1 0 0 1 0
25 39 16 3 1 5 5
1 0 15 45 1 0 1
0 24 1 0 29 0 0
14 3 0 39 4 18 1
70 10 13 23 69 22 1
0 35 0 40 0 0 8
20 4 2 14 18 13 32
1 0 33 63 5 28 5
0 0 3 0 0 19 8
1 16 1 0 2 1 1
37 0 0 11 0 1 0
0 9 0 0 9 0 45
42 95 1 0 70 1 1
52 1 0 2 15 19 3
3 30 50 1 2 42 3
7 0 9 1 1 0 22
0 0 2 1 0 0 9
8 1 23 3 57 21 8
12 39 3 92 22 17 100
0 18 0 56 0 0 2
0 9 0 0 31 57 0
0 1 98 0 0 0 0
1 13 2 0 0 0 0
0 3 0 0 0 0 0
31 3 6 16 0 12 1
1 3 0 0 0 0 7
1 0 7 1 1 0 24
18 2 0 9 1 24 6
0 1 8 1 32 43 1
6 0 4 0 9 0 0
44 49 35 1 0 12 2
0 1 36 1 2 1 1
24 34 27 12 14 14 9
46 90 54 101 101 8 60
1 6 1 6 0 1 8
8 12 0 12 61 13 5
16 0 0 1 71 0 12
5 0 0 0 0 0 2
1 1 1 1 1 15 1
1 0 0 93 1 1 24
0 0 1 11 0 0 0
37 2 9 4 31 4 3
0 0 59 2 6 5 1
0 18 0 1 0 4 0
8 8 2 0 3 3 0
48 2 4 2 26 3 18
1 8 33 1 50 11 24
1 21 16 1 7 0 1
5 0 0 0 0 19 0
0 0 0 21 7 0 0
0 0 29 0 2 0 9
21 46 9 52 18 3 44
0 0 52 0 0 0 2
0 0 0 32 53 1 0
7 7 0 0 23 0 0
0 0 0 20 3 1 0
99 2 2 4 18 1 1
2 6 0 22 1 2 15
0 0 0 8 45 0 0
28 3 40 5 4 1 4
1 2 1 1 11 1 1
0 1 1 3 1 0 7
0 1 0 1 26 55 1
6 79 3 29 15 58 15
2 30 9 19 1 3 2
38 0 0 0 22 0 1
21 81 40 15 16 15 2
5 1 1 1 8 1 5
3 11 4 2 5 3 1
9 5 1 7 10 0 23
7 19 3 2 0 1 22
9 25 16 19 11 0 33
0 1 1 41 2 1 1
0 0 5 18 0 0 1
3 0 74 6 32 0 2
2 79 1 1 0 50 0
0 1 0 0 4 0 2
0 4 1 9 5 4 25
0 0 0 0 10 5 20
12 0 2 1 21 5 1
4 23 0 1 4 10 33
22 10 1 1 0 0 11
80 2 1 2 2 6 92
0 0 2 0 1 0 1
0 1 8 0 0 0 0
6 4 22 47 0 56 5
0 0 20 0 1 1 0
0 0 0 0 0 0 0
0 0 0 4 0 0 0
0 26 0 0 71 68 0
80 18 76 0 1 5 3
0 58 7 1 1 1 13
58 1 0 10 1 12 0
1 12 9 1 1 4 1
1 7 29 37 1 1 1
1 13 6 3 4 1 3
2 5 42 5 3 78 58
49 3 26 1 1 2 3
7 26 4 1 4 35 4
1 1 1 6 9 1 22
39 53 9 8 1 19 18
4 1 45 1 30 8 2
0 100 1 1 100 1 79
100 20 10 17 9 10 7
1 1 0 0 5 1 1
0 51 0 0 100 0 96
1 0 1 3 30 8 33
6 21 5 6 1 90 18
52 12 13 17 13 7 60
0 0 20 0 1 23 0
0 5 1 0 2 0 0
21 27 3 10 80 10 10
0 4 29 11 0 0 0
5 1 12 3 3 0 4
2 4 0 11 0 77 25
13 0 1 0 2 1 89
2 18 1 35 3 11 1
0 0 0 0 0 1 3
0 0 0 5 3 1 0
0 0 0 34 6 0 18
28 31 6 16 13 1 12
23 52 0 8 0 0 0
0 0 0 0 0 68 0
5 9 0 23 0 0 0
0 0 0 8 46 0 0
14 0 0 79 31 0 0
3 1 0 0 3 19 1
3 10 5 17 10 2 1
22 1 1 0 1 3 35
16 19 0 1 1 0 15
0 1 20 0 0 0 0
0 0 2 0 24 3 0
6 1 12 30 7 15 0
0 58 23 0 1 0 0
3 0 1 41 4 1 1
56 0 0 0 0 88 75
0 14 0 0 0 0 1
13 1 5 1 1 1 47
85 2 1 3 23 3 69
7 0 0 0 0 10 0
1 4 26 40 0 5 11
2 72 25 29 1 2 2
0 0 2 0 0 0 2
1 6 0 2 22 1 1
29 18 4 22 17 29 11
8 12 0 38 8 29 8
9 9 6 2 89 28 22
55 2 2 35 2 1 31
0 0 0 0 0 0 35
21 0 51 36 22 9 28
23 2 22 39 5 2 1
89 2 36 1 24 3 4
0 10 0 0 0 20 0
11 6 8 29 19 2 5
0 1 1 5 1 4 4
0 11 7 4 16 2 4
84 0 0 0 0 45 4
41 0 6 0 25 0 0
38 1 0 18 0 0 0
1 14 4 45 2 3 100
0 0 0 12 3 17 0
2 44 16 0 76 4 4
13 15 13 40 0 7 46
0 1 47 0 4 0 0
7 53 4 2 10 2 4
20 0 0 0 0 0 0
0 0 9 59 0 0 3
0 0 21 0 14 24 0
10 1 2 79 1 2 8
23 14 8 0 17 41 4
34 20 2 1 5 5 69
5 2 2 1 2 3 38
0 0 17 1 37 0 0
0 32 6 29 35 3 2
1 1 28 1 3 1 1
1 0 0 0 0 8 26
1 4 1 0 14 1 1
2 0 0 56 0 0 22
0 45 4 0 0 0 9
1 22 35 3 14 11 22
0 1 0 6 1 32 28
0 0 1 0 12 0 3
0 1 0 1 2 2 2
0 0 34 0 1 1 0
1 0 2 87 2 51 29
1 2 35 2 1 22 0
0 3 1 8 1 1 4
0 0 0 2 0 77 2
2 14 0 2 1 0 9
8 40 2 0 2 2 50
9 7 1 0 1 10 1
4 16 10 6 21 34 65
9 0 1 6 3 5 2
27 2 24 0 2 0 25
0 3 0 37 0 0 26
25 2 3 9 3 13 1
0 0 0 0 0 0 0
0 11 0 0 38 0 6
2 3 32 1 7 3 71
0 5 0 0 6 4 0
20 17 0 1 12 1 0
4 4 57 32 61 14 6
1 2 3 1 0 4 0
3 22 15 9 4 0 0
4 43 0 0 0 0 9
11 5 0 5 0 22 15
0 25 0 0 49 3 0
17 1 6 1 20 0 0
11 1 44 1 0 0 1
0 76 1 1 13 1 18
53 10 10 16 10 2 43
22 4 33 2 1 3 0
5 3 2 51 21 60 5
42 6 1 0 7 0 1
61 0 0 0 0 17 0
6 0 0 0 2 0 20
1 0 11 62 0 7 0
0 1 1 0 0 0 0
0 8 42 0 0 2 0
0 55 0 0 89 1 0
14 15 0 0 0 0 0
7 58 4 3 2 4 4
0 13 0 0 91 6 0
2 0 1 0 0 7 0
0 0 23 4 1 0 0
1 19 4 2 2 1 13
1 3 1 0 2 1 66
0 20 0 55 0 0 37
2 2 2 44 21 2 17
0 50 4 50 42 11 4
0 0 0 10 0 0 3
0 0 0 2 8 2 0
65 6 2 42 66 8 3
12 44 9 12 4 89 32
0 0 10 0 0 0 0
0 4 25 1 12 1 1
2 0 1 0 0 18 0
5 4 2 0 2 42 2
7 31 5 72 16 54 6
99 0 6 92 8 76 11
2 9 5 27 16 29 67
98 17 1 0 64 1 3
0 0 0 2 0 16 0
43 47 2 1 0 8 3
0 1 11 0 0 37 0
53 1 2 5 12 4 4
3 50 0 78 0 2 2
0 63 4 91 72 50 43
55 0 0 0 0 0 0
0 0 0 1 0 2 2
82 30 70 94 30 5 11
53 4 4 36 9 5 15
11 41 3 6 36 14 90
56 0 2 0 0 1 0
0 61 0 0 0 0 1
4 4 4 2 10 92 4
0 1 2 5 52 0 1
16 0 89 5 2 20 8
5 3 5 63 17 7 6
2 0 0 7 12 10 2
1 1 14 1 7 1 3
0 0 0 0 4 0 1
15 19 5 4 36 11 21
96 0 37 0 26 0 0
3 0 0 0 10 3 0
21 14 6 94 5 1 4
11 19 14 20 29 14 7
0 0 2 0 2 0 4
62 50 29 18 17 6 5
0 0 21 0 0 0 34
0 0 0 34 0 8 0
0 10 0 68 0 0 4
0 91 0 9 1 38 1
0 0 26 0 31 0 4
0 0 0 11 0 1 0
43 12 2 19 2 0 1
0 5 0 0 1 0 35
10 29 2 4 0 1 1
0 0 0 3 0 4 0
0 55 38 2 3 1 3
0 0 0 0 0 11 0
17 11 23 57 12 2 6
6 2 1 15 21 3 3
0 5 10 27 1 11 0
0 0 30 0 0 0 17
0 50 0 18 0 1 0
92 2 43 5 21 3 1
9 3 0 1 1 1 20
4 1 0 0 1 14 7
1 44 33 0 1 23 0
4 0 95 2 37 39 4
0 0 0 0 4 0 0
0 0 0 1 0 0 8
0 6 0 8 45 0 0
5 4 10 5 0 6 14
3 0 0 0 19 2 0
2 1 0 36 84 21 0
0 0 0 0 0 0 4
90 0 9 0 3 0 1
90 3 27 2 1 14 4
13 0 0 0 0 72 6
16 0 0 18 0 0 0
0 4 8 13 0 3 40
1 46 3 3 3 57 19
82 1 75 17 0 0 1
4 38 23 18 2 2 4
0 4 0 0 6 0 7
15 97 3 5 58 0 0
0 0 59 0 15 4 0
1 0 0 0 0 2 59
24 0 1 0 57 0 0
9 20 21 30 26 13 83
3 0 0 0 0 3 7
0 0 0 0 0 65 0
0 0 0 2 1 0 24
10 0 0 9 32 0 0
0 0 0 0 17 3 59
0 2 5 1 0 0 0
3 30 0 0 8 0 0
10 2 76 44 7 12 0
17 0 0 0 90 0 9
96 0 1 19 11 4 10
1 0 0 0 18 30 0
34 6 93 9 10 3 26
0 0 2 69 0 0 0
3 0 0 0 15 5 0
53 18 101 23 98 25 71
14 0 0 4 0 9 0
4 1 64 1 8 6 3
2 1 3 0 1 1 2
43 20 53 0 0 4 4
31 52 76 23 7 1 5
2 0 0 1 6 0 0
2 90 46 33 0 1 5
0 0 12 0 0 0 0
12 2 17 5 18 4 39
0 2 5 0 24 0 0
4 0 23 0 2 0 0
0 1 1 0 0 8 0
2 5 1 1 17 23 9
10 0 0 30 0 0 0
0 28 1 1 1 1 4
12 0 0 0 0 1 0
9 3 50 49 5 68 6
0 0 0 0 0 0 13
0 22 0 19 0 3 0
1 0 1 2 20 1 5
23 9 1 1 1 9 0
0 0 0 61 0 65 6
11 33 9 0 12 53 78
5 3 67 8 4 7 2
0 0 0 0 61 1 0
4 5 5 8 6 55 3
1 0 9 1 20 1 9
34 2 39 5 3 70 5
0 7 0 0 7 99 0
2 0 1 49 2 7 32
0 74 0 6 0 0 73
2 15 1 2 80 41 0
1 6 1 1 2 2 0
0 1 11 10 0 1 41
16 0 8 9 34 87 0
0 0 0 4 25 0 0
0 0 0 0 0 0 0
49 0 0 8 0 7 0
13 14 21 8 16 12 34
0 0 21 0 0 2 12
0 0 0 0 67 1 0
1 74 53 0 0 1 4
7 41 4 79 5 50 4
0 0 0 0 0 0 0
0 0 0 0 0 0 5
3 69 1 58 11 2 48
5 23 21 3 3 4 24
0 0 0 3 32 0 0
0 0 0 0 63 1 15
2 27 15 0 9 2 0
35 5 27 22 3 5 4
1 51 1 1 1 2 16
0 55 0 23 0 14 0
0 0 1 0 0 5 0
17 20 1 1 1 1 43
3 36 62 2 0 76 0
9 0 0 0 0 0 0
0 0 0 56 3 10 0
3 0 0 0 0 4 5
29 17 48 10 18 19 66
7 2 51 4 16 4 4
7 97 25 9 3 17 1
0 0 21 0 0 0 0
53 74 3 77 12 35 12
0 1 14 0 2 8 15
48 3 1 2 1 0 1
2 0 15 0 0 1 0
2 2 30 1 0 13 17
10 2 23 1 30 28 5
13 3 4 33 4 4 10
0 43 0 2 0 0 5
5 7 24 40 31 63 24
0 0 0 4 0 8 3
0 0 64 0 6 0 0
3 0 1 1 10 0 0
66 3 44 5 3 20 36
25 90 6 6 6 17 0
0 1 0 0 0 0 6
0 1 0 0 2 0 55
0 0 52 0 2 2 0
2 0 19 0 1 0 0
37 3 9 19 9 6 98
0 0 0 0 36 0 0
22 2 1 1 1 11 12
1 0 2 30 19 1 0
19 5 1 1 0 29 0
59 54 2 15 100 12 9
0 5 40 0 0 0 0
16 9 1 90 97 7 5
29 2 8 26 4 3 1
0 31 0 0 26 0 12
2 1 0 40 15 1 3
0 19 0 100 0 6 0
6 3 2 2 3 37 23
0 0 4 4 0 0 40
0 5 1 8 1 1 4
2 1 2 1 0 0 2
3 14 15 42 58 24 4
0 1 0 83 0 41 1
0 15 4 4 11 7 1
7 0 10 0 10 0 0
19 12 0 0 0 4 0
7 29 7 38 7 3 12
0 0 0 1 0 0 0
0 1 3 0 46 0 0
0 0 0 2 0 9 0
0 2 36 0 0 0 31
13 2 4 1 16 1 47
2 2 72 0 2 7 2
0 54 0 0 0 0 81
0 0 32 0 0 30 14
11 2 14 12 0 2 0
3 1 7 3 96 49 15
1 14 1 31 75 0 1
25 29 22 19 57 62 95
8 1 2 1 51 1 1
0 0 3 0 25 4 0
0 1 0 37 1 0 0
75 38 5 11 1 4 0
33 30 34 17 98 99 23
0 1 0 3 0 0 42
1 1 0 6 84 28 1
14 20 29 13 7 65 1
7 1 29 8 9 20 3
2 2 0 2 9 57 10
0 1 32 8 7 33 4
14 0 0 17 2 0 20
0 0 0 81 1 0 8
0 0 16 3 0 10 0
0 0 1 87 69 7 1
0 0 1 20 59 53 1
49 23 32 2 7 8 5
19 22 14 12 30 13 6
29 0 13 14 21 14 53
3 24 2 3 24 3 53
1 5 2 1 40 27 1
3 23 4 0 56 40 5
56 4 0 0 0 0 0
38 1 13 4 1 11 14
0 0 1 0 8 0 0
64 2 0 2 0 0 0
0 0 0 1 0 0 0
8 2 19 39 0 19 6
17 0 0 0 0 11 12
0 0 19 94 92 2 2
0 0 0 7 29 0 0
12 0 3 0 11 0 0
0 0 34 0 0 0 1
101 8 58 32 101 101 32
0 0 0 0 5 0 0
14 44 8 5 0 25 7
12 95 33 38 4 12 4
0 0 0 1 39 2 29
0 8 0 0 0 4 0
3 0 7 0 0 53 0
15 0 1 29 0 0 0
39 5 0 14 0 0 0
1 0 27 0 2 17 1
37 0 23 54 0 0 0
0 0 1 0 0 0 1
0 0 3 0 0 0 1
0 0 0 0 2 101 1
63 23 1 3 14 3 0
4 4 3 14 4 30 42
16 10 10 40 78 7 20
1 68 1 5 45 0 0
18 0 0 0 0 3 2
1 91 9 0 5 3 1
0 0 1 0 8 0 51
0 0 4 101 24 0 0
6 0 20 8 5 3 41
1 1 19 4 22 4 44
3 25 3 1 2 1 45
0 0 43 0 4 0 1
23 24 31 16 13 89 12
0 1 0 0 20 0 4
52 60 22 3 0 3 3
12 4 27 13 10 8 24
9 0 9 2 5 0 16
0 82 0 0 46 0 0
5 2 0 20 50 5 39
1 3 7 1 2 4 0
0 0 0 54 0 5 14
11 88 9 53 4 2 25
4 1 1 0 3 3 0
16 0 8 0 0 8 0
0 0 1 0 11 0 0
32 7 85 3 27 12 0
20 1 12 0 0 1 1
0 2 0 7 0 2 0
17 0 2 7 2 4 0
5 3 1 0 11 11 3
1 1 1 3 0 3 28
1 2 1 1 0 2 18
23 22 5 6 0 0 35
12 3 72 12 59 29 8
2 0 17 2 1 59 66
0 12 0 0 0 0 0
4 17 5 12 26 58 16
2 7 2 34 26 7 9
3 2 23 3 2 5 44
1 0 0 0 0 1 0
2 49 6 1 55 2 1
26 22 41 18 23 11 84
0 5 1 7 1 78 1
66 43 30 0 3 3 0
10 64 0 0 0 0 2
1 76 0 0 0 0 0
0 0 0 92 7 49 1
1 3 1 1 2 11 1
0 0 42 5 0 0 0
25 5 26 0 0 0 0
14 5 8 14 4 7 21
2 1 1 43 49 1 1
3 6 27 85 34 17 17
4 4 4 1 2 56 12
11 1 20 5 1 14 8
4 1 2 1 2 7 76
4 38 5 41 90 0 5
0 76 0 1 0 3 0
8 23 2 26 29 28 19
1 1 0 0 0 0 0
5 60 1 25 10 79 15
4 0 0 0 3 0 0
8 2 9 2 53 0 0
2 0 6 4 40 4 0
0 10 0 13 5 0 0
4 0 0 0 6 0 0
71 22 16 2 4 1 1
2 5 0 0 0 0 7
10 6 39 4 4 25 1
1 2 1 9 0 22 1
3 10 10 1 48 2 1
11 7 0 37 1 1 1
52 8 86 2 1 1 35
0 0 58 1 0 3 0
7 6 9 21 64 6 5
1 22 6 38 0 2 2
0 0 0 0 0 0 0
0 4 0 0 0 3 4
24 16 14 13 7 13 6
101 78 14 94 97 52 4
11 11 11 6 53 41 37
2 0 0 0 32 0 42
7 7 99 7 12 13 14
3 8 36 0 3 29 3
0 0 7 0 9 2 0
0 0 0 1 0 23 4
0 7 0 0 2 0 3
0 0 32 0 10 13 0
0 0 0 0 8 2 0
68 17 7 21 0 64 23
40 54 14 1 55 14 10
13 1 14 0 1 1 4
1 1 1 6 24 0 10
2 0 1 6 1 66 83
0 1 1 82 3 8 0
1 0 1 2 35 13 0
1 1 25 3 0 0 7
0 0 5 0 0 47 0
0 0 0 0 0 0 48
1 55 1 35 87 1 1
8 0 0 0 0 0 25
30 2 93 1 3 55 1
3 5 0 0 0 21 0
1 54 53 24 12 6 39
49 3 5 1 1 6 3
0 3 0 1 0 0 0
0 20 2 0 0 23 0
0 94 0 0 0 0 8
0 0 0 9 0 7 15
0 11 0 1 0 0 5
2 3 2 2 11 2 81
2 29 16 6 1 2 2
48 3 0 3 4 2 7
9 23 36 1 55 5 6
4 1 1 14 0 1 0
1 36 0 1 1 66 1
98 101 85 48 22 99 77
2 0 1 0 41 19 25
2 0 54 0 0 0 7
0 0 0 0 14 0 2
6 7 0 0 0 0 0
0 1 38 0 0 9 0
0 5 54 0 0 30 0
17 3 3 9 56 3 0
0 0 2 1 0 0 79
0 0 61 0 2 6 0
1 1 1 1 1 28 1
1 26 72 13 0 2 2
0 1 6 15 2 37 0
23 0 0 0 0 50 0
12 1 9 0 0 0 0
1 5 10 3 13 25 24
1 55 6 23 1 0 1
0 16 13 16 0 0 0
0 0 0 0 30 5 0
0 6 0 10 4 0 0
0 0 35 0 26 5 0
38 2 11 0 0 0 0
0 0 0 0 0 36 0
60 31 0 12 3 32 12
1 10 14 6 6 42 6
93 98 66 96 84 29 78
37 2 73 97 2 4 8
9 0 1 0 0 0 1
8 10 10 38 28 8 11
0 1 4 0 0 11 0
14 0 3 0 31 0 0
3 19 2 3 15 3 3
14 32 12 23 4 13 10
0 6 0 0 4 3 0
0 0 5 0 2 0 1
23 0 0 10 0 0 0
19 0 0 1 14 11 1
5 1 30 5 14 4 34
1 11 0 0 0 0 4
24 7 0 7 35 7 42
1 1 5 1 3 1 5
5 1 13 34 6 10 5
2 24 0 25 3 2 70
1 47 1 0 33 0 2
0 0 1 0 2 15 0
8 27 82 60 15 83 25
1 69 0 6 0 1 28
0 0 3 0 17 0 0
1 0 1 0 2 3 0
1 1 8 2 1 1 7
0 0 5 3 17 0 0
0 0 4 0 8 0 0
0 0 2 12 0 0 0
8 50 1 0 1 1 1
0 12 1 41 2 19 2
0 5 1 15 0 0 0
49 21 35 17 1 43 7
0 2 0 0 0 0 0
33 0 1 0 0 0 0
10 0 2 0 0 1 0
0 0 0 0 0 0 1
0 0 0 0 10 31 9
0 34 0 0 0 32 0
12 3 47 3 13 0 0
81 0 52 0 0 6 0
15 99 15 82 101 12 8
3 2 14 83 2 4 5
0 9 0 42 0 0 1
2 0 39 0 0 2 0
3 0 0 5 3 1 10
2 0 0 0 8 0 0
0 18 47 1 0 0 0
10 0 2 14 0 0 0
0 2 1 1 9 13 1
96 90 21 14 5 21 56
0 3 0 3 0 3 0
0 1 0 0 1 5 0
9 19 4 2 4 4 31
30 2 1 2 3 1 10
96 0 0 6 76 0 0
1 0 6 10 1 0 62
12 6 35 7 14 37 53
61 24 20 62 3 34 24
0 0 2 0 0 0 0
0 64 0 0 13 0 5
0 1 0 2 1 1 61
31 0 0 0 0 6 2
1 12 0 13 0 0 0
9 0 10 0 1 0 0
2 93 7 3 16 5 5
0 0 0 57 0 0 0
20 1 5 80 8 26 0
45 0 0 0 0 0 0
0 12 65 2 0 0 0
36 0 0 0 0 0 0
34 0 0 0 0 14 23
33 3 2 3 29 2 81
10 0 0 16 0 0 1
1 5 1 4 14 0 1
1 2 2 22 56 2 0
2 5 75 0 48 44 2
0 1 3 0 0 0 32
19 0 30 0 3 0 0
9 5 72 9 53 24 24
25 23 22 5 6 5 0
3 1 4 1 25 1 1
1 0 0 0 0 1 30
6 18 2 9 2 0 33
0 0 0 0 20 0 0
0 8 0 0 0 0 0
0 6 19 0 0 2 0
33 0 0 0 0 2 39
2 8 11 55 2 79 6
8 96 26 0 0 0 0
2 1 6 0 1 1 1
5 28 1 31 4 38 9
0 2 0 0 4 54 0
51 0 14 4 61 13 9
3 2 49 3 1 4 12
21 1 0 3 27 6 10
15 1 0 8 1 24 1
1 4 3 12 65 0 3
2 10 0 0 0 0 2
1 31 0 16 8 0 1
4 34 6 0 4 5 0
5 7 5 4 5 4 76
0 1 0 0 14 0 44
0 1 0 3 0 10 20
0 0 3 2 0 18 0
6 3 16 3 0 0 14
72 0 27 0 65 0 0
9 2 1 0 33 1 1
1 71 0 1 3 0 13
9 1 2 8 3 10 6
15 0 1 2 5 0 1
0 0 24 80 0 59 0
0 2 5 20 16 5 6
0 0 1 0 14 43 0
1 3 3 2 29 10 32
27 0 0 0 0 0 38
27 39 10 1 1 82 10
0 0 38 17 35 0 0
0 0 3 0 0 0 2
0 18 14 10 0 2 0
18 9 15 11 40 28 69
2 0 0 2 0 0 58
2 4 6 4 7 0 55
9 41 25 35 49 9 19
1 14 3 15 0 9 1
2 2 12 0 1 20 11
1 1 1 1 0 75 5
0 0 0 11 26 0 0
0 0 0 2 0 0 0
22 0 71 69 0 1 0
0 0 0 62 4 0 0
74 7 19 0 6 0 10
3 14 1 11 8 1 4
5 64 9 7 5 4 56
19 1 16 1 13 1 0
3 29 21 0 6 16 6
0 6 13 67 4 6 37
0 7 2 1 6 7 0
4 41 2 2 96 4 26
3 1 1 9 1 78 1
0 0 0 0 1 2 0
31 7 9 12 46 9 94
0 0 0 20 98 0 3
0 8 9 29 17 4 0
11 0 0 2 0 28 0
1 6 47 85 37 4 12
6 22 2 3 4 1 10
3 0 40 5 9 3 0
9 0 5 12 7 9 0
0 3 4 7 27 0 0
4 1 18 1 1 22 1
87 44 6 7 15 22 15
1 4 6 1 31 32 2
0 0 0 14 0 7 0
7 45 16 37 4 16 26
2 47 4 16 32 1 4
1 25 0 88 1 30 1
34 5 37 25 86 8 39
0 0 12 0 0 0 0
3 3 2 30 1 36 2
3 49 0 0 0 0 0
4 2 2 5 25 2 27
0 0 0 0 0 14 1
0 3 1 1 0 0 0
2 2 25 11 1 19 1
50 13 25 9 2 61 101
0 21 0 1 0 59 0
9 0 0 0 0 7 1
0 2 51 0 23 0 0
0 2 2 0 5 11 19
3 0 0 1 0 24 3
1 0 0 0 0 3 0
0 0 15 19 1 1 2
38 0 0 38 1 6 1
4 3 5 2 32 49 29
95 18 5 30 26 4 26
1 0 0 0 0 3 0
0 4 7 7 0 0 0
0 1 3 61 57 1 59
48 51 0 5 11 16 12
8 5 1 25 15 43 3
4 0 15 0 0 0 0
71 4 3 73 18 4 2
1 7 2 0 0 0 0
26 7 19 3 2 20 7
2 1 11 9 2 0 2
0 0 0 0 13 0 3
9 101 68 101 97 5 91
6 0 1 0 0 0 8
9 8 3 6 1 3 16
2 28 8 5 10 3 3
22 16 0 0 0 0 14
6 37 0 11 3 3 16
61 101 34 99 101 98 37
4 0 1 60 1 19 0
12 14 9 28 82 23 6
4 6 5 72 10 13 1
1 0 9 0 0 0 32
14 0 0 0 14 19 0
15 4 0 1 2 1 1
0 75 3 4 3 36 1
58 0 2 8 0 0 0
0 6 15 0 0 66 0
6 7 6 4 18 2 9
23 26 32 2 3 13 11
19 18 3 5 8 6 7
0 0 0 12 3 8 0
58 0 0 0 2 31 0
5 9 4 34 9 7 4
1 0 5 30 0 0 43
45 7 3 63 15 15 56
0 16 24 1 1 28 1
98 33 22 96 44 21 92
89 0 1 0 19 41 2
0 2 3 4 13 0 4
19 11 0 1 23 1 2
16 19 51 64 15 87 3
0 0 0 2 18 6 0
1 4 6 4 44 4 4
17 4 4 1 30 2 33
33 0 0 0 3 0 14
2 0 0 0 1 0 0
2 11 2 2 20 56 5
80 5 45 2 10 4 5
17 2 28 2 0 1 13
3 20 0 14 18 3 2
4 22 58 2 33 40 3
4 9 58 3 5 20 4
55 3 0 0 0 0 32
1 0 0 1 0 0 0
0 39 17 0 4 7 0
6 17 0 2 0 0 0
1 4 4 65 1 15 96
11 31 0 0 0 0 0
13 1 1 2 37 0 36
39 54 12 6 38 4 22
1 20 1 20 2 8 27
0 0 5 0 0 2 0
32 1 1 4 0 0 8
1 0 5 1 2 3 0
35 5 8 8 63 7 48
19 1 1 19 10 1 1
0 0 6 0 0 0 54
0 0 1 68 0 0 0
2 0 2 0 58 3 0
22 9 56 48 24 5 40
8 1 4 9 8 40 70
30 97 38 87 79 3 29
14 38 11 7 13 13 26
2 2 66 5 1 4 21
9 0 7 7 7 21 1
5 5 4 2 43 39 62
52 2 17 54 1 7 4
12 0 0 0 0 12 1
64 6 10 61 43 2 1
72 20 87 5 0 4 10
1 1 0 27 1 0 8
0 7 3 1 3 8 5
3 31 2 3 8 34 1
0 10 0 0 0 31 0
2 82 73 2 27 0 2
56 0 0 0 16 8 0
4 3 36 15 16 82 3
0 0 20 4 2 0 0
1 4 3 0 21 24 1
25 23 4 5 0 10 5
5 2 10 4 2 16 16
0 79 14 11 0 0 0
19 1 3 1 1 0 3
0 0 0 0 0 0 26
47 1 18 2 0 0 27
3 0 4 1 3 15 29
17 1 0 0 47 3 1
65 4 0 91 3 7 1
0 0 2 0 0 2 1
1 2 1 1 0 16 0
0 0 0 6 5 0 1
16 0 10 20 8 6 42
3 0 2 6 1 25 1
0 64 1 2 2 11 28
2 49 0 0 0 10 0
25 8 71 14 9 13 21
1 1 25 1 4 14 0
2 7 16 6 49 60 7
18 0 8 0 0 2 84
0 0 4 1 1 5 1
88 5 76 15 1 1 0
2 0 32 6 0 3 19
0 0 3 0 0 3 0
1 4 10 2 1 4 12
58 18 5 4 26 5 2
0 0 2 11 0 4 0
3 28 13 45 41 17 11
11 62 1 1 1 4 0
1 11 0 0 0 0 1
94 56 7 27 93 98 28
17 87 76 67 100 100 100
0 35 0 40 2 74 2
0 55 2 0 1 0 0
1 1 19 60 1 3 1
20 57 19 32 49 73 32
4 0 29 0 1 0 0
10 1 1 1 5 13 1
63 84 101 80 93 69 78
1 1 1 0 8 4 1
3 2 3 46 0 3 26
32 5 4 4 15 5 1
17 2 2 94 2 54 1
24 2 2 10 3 0 9
31 66 6 2 10 60 1
0 0 0 2 98 0 0
2 0 3 7 0 0 0
3 1 17 0 0 0 0
73 7 49 0 1 1 0
3 1 1 1 0 2 60
13 47 59 27 29 23 6
0 0 27 1 0 0 2
24 69 8 60 8 9 0
16 2 1 2 4 2 3
13 10 0 12 0 0 0
0 3 0 11 0 67 0
23 0 0 13 0 0 0
8 9 22 4 7 8 36
1 28 9 16 69 52 27
5 2 29 23 2 2 2
11 0 31 22 1 1 0
12 0 2 1 2 1 0
1 17 3 2 1 0 0
2 1 1 0 1 9 0
12 2 3 3 3 1 1
27 8 40 23 1 8 6
15 23 8 5 41 19 0
0 7 1 1 30 12 1
3 12 3 19 3 1 23
2 0 86 0 1 92 1
0 66 0 43 0 4 0
47 5 0 8 0 0 0
31 31 13 32 4 65 55
8 11 1 5 4 3 5
2 3 6 19 1 94 1
6 46 1 4 4 1 18
0 0 0 0 4 17 0
15 97 34 99 8 28 44
7 1 34 4 35 18 10
0 0 0 0 10 0 10
0 0 0 0 0 3 44
5 0 0 0 44 2 0
1 9 1 0 1 13 31
0 7 1 57 0 0 0
2 14 0 0 0 0 0
0 2 0 0 0 0 1
0 9 1 4 1 2 0
0 4 16 0 1 0 0
6 1 0 1 1 63 0
0 1 16 0 8 18 1
35 1 8 13 22 81 13
0 0 9 0 0 0 0
14 4 0 5 18 45 6
99 90 38 89 17 30 0
5 1 23 22 1 1 1
13 0 0 6 0 0 0
6 3 24 34 6 7 12
1 0 12 0 16 1 15
8 1 1 0 3 44 0
13 38 3 1 27 2 3
0 1 1 1 0 4 13
8 10 27 27 62 20 15
3 4 13 1 72 18 0
0 6 8 12 22 9 0
0 63 0 1 31 2 20
5 11 2 0 72 1 8
73 14 4 3 14 1 73
27 55 8 5 2 8 23
1 51 9 0 0 1 5
0 9 1 36 0 1 30
0 0 0 0 0 64 0
2 25 8 1 1 1 10
0 9 0 17 15 0 0
54 43 12 56 24 13 2
0 0 0 45 6 20 0
31 1 0 6 0 0 0
0 0 0 0 22 26 28
0 1 39 1 1 9 5
0 22 8 0 0 0 20
3 1 0 0 0 0 1
89 1 2 22 62 1 2
0 14 0 1 14 2 0
5 13 8 2 25 31 69
0 0 6 0 17 0 5
34 43 0 1 1 94 0
44 0 0 0 0 19 0
0 10 0 4 26 5 1
0 0 0 0 0 0 30
0 0 0 0 1 1 1
6 1 15 94 6 6 2
5 0 24 5 3 21 29
0 0 0 2 0 2 4
24 46 9 9 9 7 6
4 34 29 11 5 0 67
9 98 33 7 13 3 0
25 11 92 44 4 1 19
2 1 39 5 69 2 2
13 11 11 79 11 3 68
0 0 30 1 19 1 97
0 0 21 0 0 0 0
36 0 0 0 6 0 0
96 0 45 13 2 0 2
2 0 0 72 1 0 0
0 0 0 0 48 48 30
1 1 27 1 12 6 3
2 1 7 0 0 5 1
0 36 1 3 1 5 1
5 44 17 5 1 25 0
10 1 6 6 94 1 39
0 62 15 12 6 44 32
0 0 4 0 12 0 0
11 1 11 16 1 1 1
1 1 2 0 6 1 1
92 5 2 2 1 61 1
42 4 17 26 67 26 45
6 3 10 1 84 22 6
13 3 3 36 1 12 9
21 3 2 0 0 0 0
0 0 70 0 1 0 0
19 2 2 0 17 9 2
43 21 32 1 1 1 0
3 0 0 55 0 0 5
0 0 0 9 4 0 37
74 78 44 52 26 80 65
0 0 1 1 0 0 56
6 8 1 1 1 53 1
7 1 0 1 7 64 1
11 1 1 1 8 5 35
1 4 15 17 4 15 3
8 3 18 3 4 2 4
0 0 0 0 30 0 0
17 2 0 0 19 40 3
48 34 11 9 17 12 11
1 64 5 14 16 28 59
0 2 5 0 0 0 0
3 2 0 0 2 19 3
1 0 0 41 0 0 0
2 1 8 15 2 95 2
4 4 1 0 50 22 59
0 0 0 11 0 2 0
0 0 6 2 0 0 1
25 2 2 2 0 50 0
1 1 1 26 0 0 13
15 37 73 99 51 94 99
0 2 7 2 26 10 1
0 0 17 0 0 1 60
12 67 12 9 11 34 23
59 17 1 0 3 0 33
36 0 21 7 0 0 0
8 0 0 53 0 0 12
0 0 0 0 13 5 0
31 40 4 0 1 2 0
0 16 2 0 0 0 60
7 8 14 23 7 2 7
9 0 0 0 41 2 0
2 15 1 24 74 1 2
1 14 1 3 10 2 1
2 1 24 7 0 1 0
8 1 0 37 1 1 1
0 0 0 9 8 2 0
0 9 0 0 0 1 27
1 1 0 2 46 29 0
0 0 23 0 0 2 0
0 0 5 0 0 13 18
4 38 61 1 4 3 21
45 0 0 55 0 1 0
3 1 58 11 11 21 45
1 81 1 4 3 7 27
0 1 0 4 0 0 17
60 23 9 1 0 11 72
0 4 0 55 9 0 0
1 0 18 9 1 0 6
1 17 0 0 0 0 56
1 0 1 21 11 36 0
1 0 0 0 0 3 0
9 4 2 41 22 10 6
3 0 0 2 0 0 0
0 8 26 0 1 0 0
6 37 0 0 0 0 3
0 0 1 0 1 0 36
0 0 1 0 0 79 0
11 11 4 2 2 3 2
1 2 2 5 2 44 17
16 15 5 8 78 10 27
10 3 3 12 12 3 0
54 0 0 0 0 22 0
0 0 0 1 0 0 0
5 2 12 1 24 2 0
2 34 0 22 2 21 2
5 0 91 2 28 2 1
26 0 0 4 22 4 27
16 0 2 41 0 0 0
8 0 16 2 0 1 1
44 4 0 4 60 8 0
0 24 0 0 0 8 1
4 5 37 10 12 69 79
65 2 2 27 8 0 2
9 17 8 17 43 19 47
20 25 35 7 7 5 6
12 4 4 0 4 21 73
9 55 0 0 3 0 0
0 0 85 65 9 0 0
0 32 0 53 0 0 0
8 6 13 7 2 0 96
4 22 84 71 16 6 92
2 91 2 2 1 12 48
1 8 0 25 0 0 0
2 2 2 7 34 1 5
1 27 2 17 5 5 35
14 17 0 0 0 2 0
3 11 3 0 3 13 31
23 0 21 0 1 5 1
18 3 1 5 63 8 7
0 42 0 0 3 23 0
2 3 2 0 62 3 2
0 1 0 1 0 0 0
2 48 2 7 27 1 1
0 42 0 0 29 0 97
0 0 0 2 77 0 0
0 2 4 17 11 1 2
7 1 0 0 0 0 0
0 6 0 4 4 0 0
1 12 6 24 1 0 3
0 19 4 0 2 2 24
0 0 0 21 0 9 0
17 0 2 2 29 1 23
7 1 2 1 8 1 1
10 7 5 27 6 13 6
8 0 7 8 3 13 38
0 0 25 6 0 0 0
0 6 16 0 3 0 0
0 1 1 82 1 90 1
0 0 2 0 3 0 1
18 5 88 98 25 94 12
101 88 67 100 33 40 33
17 3 3 48 93 5 0
6 25 17 11 57 81 13
26 0 0 2 5 0 0
0 2 1 2 0 0 0
0 7 2 2 3 2 7
0 0 40 0 3 18 0
2 2 1 0 13 13 21
2 12 2 8 2 2 87
60 1 0 0 0 57 14
31 0 0 0 11 0 3
1 1 36 9 1 34 1
0 0 0 0 33 57 20
0 1 0 0 0 0 0
11 24 13 20 8 6 15
0 0 0 0 0 0 0
2 9 2 0 15 1 5
18 92 24 53 32 4 0
54 52 95 26 42 56 92
31 4 8 5 20 6 41
2 0 0 0 0 0 1
91 1 1 1 34 1 15
3 3 5 1 28 58 4
9 10 4 72 1 1 2
92 0 11 0 4 0 0
0 0 1 0 71 0 0
6 3 79 15 3 0 70
0 3 0 2 0 0 45
2 11 4 37 8 3 5
4 25 101 4 0 46 4
25 5 6 10 6 26 6
1 11 96 95 18 18 47
15 0 1 0 0 1 0
0 0 46 0 0 0 42
3 26 1 23 29 0 0
1 0 0 0 0 13 0
9 25 0 0 0 0 8
0 18 1 0 16 53 0
0 1 35 50 72 1 1
2 38 15 15 11 22 26
0 0 0 0 3 0 21
0 0 0 23 17 10 0
1 3 0 1 0 0 0
0 35 32 0 0 0 0
0 0 0 0 24 3 9
51 0 1 0 0 0 0
6 9 1 3 1 1 7
98 16 19 50 98 5 84
34 1 46 1 31 0 2
0 2 5 0 8 0 0
2 0 25 0 2 1 16
2 0 57 0 7 0 0
1 14 29 14 2 26 3
0 1 5 28 0 1 1
11 3 4 0 5 48 3
0 1 0 0 0 23 16
2 0 1 0 6 0 0
2 0 11 81 76 4 8
25 26 79 0 1 14 42
15 0 0 0 35 0 13
1 0 91 1 1 0 90
7 0 0 0 26 2 0
46 0 32 0 2 70 2
0 56 34 0 91 0 0
0 0 0 1 1 0 1
0 26 10 1 1 1 13
17 0 0 13 0 0 17
0 1 0 24 1 45 1
5 5 15 21 1 62 2
16 2 22 1 2 2 12
44 1 0 0 0 95 33
1 3 0 1 20 20 1
42 86 1 5 10 0 13
0 82 0 0 0 0 0
0 2 2 26 0 5 38
34 2 23 2 0 1 77
9 3 93 62 6 95 1
0 0 0 0 0 1 6
7 0 2 1 1 67 1
48 21 0 0 0 1 0
7 0 8 0 0 12 0
5 37 9 18 53 33 43
18 3 51 1 1 1 0
42 41 2 53 1 1 1
0 11 0 1 0 51 11
34 86 5 5 4 0 5
15 3 18 1 57 4 8
1 85 16 15 57 98 29
10 27 66 6 6 5 3
23 9 0 0 0 3 0
78 6 2 5 99 49 38
31 1 1 0 2 2 10
0 33 20 1 0 0 0
2 0 0 13 5 0 0
1 5 43 0 1 1 1
2 1 0 0 5 0 0
69 25 3 94 2 75 87
0 15 0 0 0 0 26
1 2 22 2 7 8 1
18 0 1 1 0 3 13
78 0 3 2 0 7 10
0 0 30 0 1 11 0
21 16 0 0 0 0 1
9 0 1 0 0 16 0
1 0 1 0 12 1 18
7 33 7 23 6 12 6
13 1 34 1 11 1 1
7 1 0 4 0 0 0
3 37 15 8 11 3 16
0 40 0 3 0 6 0
1 0 2 2 76 0 1
0 4 0 1 0 0 2
0 0 0 2 32 40 0
9 0 0 0 8 0 3
3 23 1 2 100 3 0
0 0 0 0 0 2 0
0 0 1 8 55 0 0
2 2 5 0 73 0 2
3 7 1 4 63 2 17
15 62 11 86 25 2 64
1 12 1 1 29 20 1
35 35 1 0 2 2 54
1 22 1 3 0 15 6
0 1 0 0 7 0 0
39 14 7 9 9 9 16
2 0 0 36 14 2 18
1 1 14 0 0 0 0
30 0 3 0 0 0 0
9 26 24 0 6 22 10
0 2 0 0 6 8 1
13 5 4 4 19 15 14
0 0 0 0 0 5 7
4 8 20 1 14 2 5
4 2 36 1 0 47 49
1 1 36 0 6 1 2
3 8 3 0 6 10 1
16 41 13 6 4 2 4
2 1 9 10 2 10 1
0 0 1 6 78 0 0
0 0 1 31 0 0 2
0 8 0 19 0 0 1
0 0 2 0 0 2 0
84 1 39 0 1 1 0
3 0 28 2 9 7 3
6 0 0 10 2 0 39
22 19 9 30 17 22 5
1 1 1 2 1 14 1
0 0 1 0 2 19 0
6 6 0 57 8 16 6
0 0 0 0 0 0 0
25 44 13 53 3 13 7
29 43 1 1 0 1 1
0 0 0 52 1 1 0
4 0 0 63 0 0 0
0 0 1 59 3 0 2
5 65 74 8 4 8 9
0 0 80 2 0 18 0
29 2 2 0 39 5 1
0 52 14 0 22 0 0
3 32 7 0 16 18 3
0 0 0 0 27 2 2
30 60 8 6 7 71 6
12 12 31 0 19 23 8
51 4 2 35 26 10 10
39 17 13 4 74 6 9
0 0 0 3 9 0 3
6 11 0 0 0 7 0
40 5 5 0 1 75 18
83 4 7 9 61 18 9
2 19 0 50 0 0 0
100 16 50 10 37 80 61
0 8 2 0 29 0 0
27 1 0 0 16 13 2
2 12 0 0 0 0 1
3 1 3 7 48 7 92
8 26 2 6 5 26 13
1 0 0 0 1 1 0
0 8 0 0 0 6 0
3 20 31 0 0 0 0
2 0 0 0 6 65 0
29 39 2 21 9 1 1
2 1 0 50 0 0 13
1 4 1 15 0 6 0
1 0 50 0 0 0 3
0 0 0 19 1 0 0
2 0 10 1 5 0 2
11 13 2 0 2 43 1
2 0 0 0 0 0 0
38 12 50 45 26 24 26
0 12 0 6 0 4 0
0 0 1 0 0 10 0
21 16 1 4 14 10 2
59 62 33 3 4 13 8
0 17 4 0 1 1 42
0 13 3 41 5 81 4
0 56 12 18 10 27 40
2 5 41 2 2 29 76
2 1 8 1 1 4 0
5 4 4 7 11 6 22
2 6 0 61 0 0 0
20 97 68 58 31 71 39
1 6 70 9 9 14 10
46 26 5 3 36 9 4
0 0 0 0 2 0 4
0 29 100 10 10 4 32
0 0 2 21 54 0 0
0 0 1 0 1 0 72
8 11 0 22 27 47 4
0 4 0 0 55 0 0
83 26 12 12 13 13 23
101 0 0 0 3 0 0
0 6 0 3 3 5 8
12 14 55 53 17 2 14
0 8 6 1 1 1 5
0 2 2 0 5 29 4
5 26 12 4 1 7 3
13 74 13 6 12 14 46
91 3 3 3 34 7 3
1 13 35 2 4 1 21
3 8 6 5 31 70 40
18 2 6 7 3 58 7
8 0 0 0 0 0 0
30 0 51 7 2 15 29
16 24 2 2 2 7 1
0 0 5 75 0 0 1
0 0 0 52 0 52 24
16 42 0 0 0 0 0
1 2 25 43 69 3 0
7 0 0 0 0 1 12
11 7 60 17 6 73 3
0 5 1 1 16 1 84
0 0 0 19 27 35 0
20 0 55 0 0 0 0
8 0 0 0 13 5 0
13 69 13 67 2 1 18
22 1 0 2 37 0 0
0 55 0 37 9 0 0
6 0 2 1 5 2 89
0 0 9 0 24 0 0
91 4 4 19 0 61 4
0 0 0 5 0 36 0
51 4 78 6 4 17 4
0 0 1 0 0 1 41
1 2 7 2 2 68 1
3 2 1 77 4 3 2
0 0 0 1 6 0 0
0 1 2 2 20 2 53
10 1 0 1 29 1 1
6 21 8 24 16 8 1
29 1 12 1 2 63 2
0 0 5 22 0 0 3
0 52 20 0 10 0 0
1 1 40 5 1 1 0
0 0 0 7 1 71 2
9 62 5 0 2 9 3
0 0 0 0 33 2 12
4 1 1 0 0 2 3
1 0 0 0 0 0 0
0 0 0 45 3 4 0
4 13 24 10 0 10 44
0 17 0 0 2 6 0
27 0 19 4 22 4 4
74 0 0 0 0 0 0
3 3 8 2 0 78 7
2 6 1 4 61 3 7
7 68 0 1 0 0 0
2 1 0 5 2 31 1
4 32 13 1 87 4 4
2 101 2 1 2 6 5
0 3 3 33 73 17 2
2 49 64 23 29 1 8
8 0 3 0 0 2 0
0 0 6 0 59 1 5
7 8 6 16 27 1 15
6 0 1 0 0 2 0
97 98 25 30 93 92 83
9 0 0 0 0 0 0
22 94 2 45 8 8 0
26 20 10 45 26 35 26
10 0 69 1 16 4 2
3 30 3 32 6 0 2
3 52 44 9 64 7 18
4 0 0 0 0 16 0
12 3 5 45 4 3 2
0 0 0 54 15 0 100
3 4 26 21 0 9 17
83 28 2 37 1 0 2
8 12 15 0 5 27 9
20 0 34 0 28 0 0
1 82 6 0 0 0 0
33 45 12 9 14 71 0
0 26 0 0 2 0 13
0 0 0 1 3 0 19
0 0 19 0 22 0 2
1 3 1 0 0 2 11
5 8 79 7 24 3 49
37 24 11 1 8 29 79
51 0 71 39 0 0 0
1 70 40 0 4 0 0
0 0 0 0 1 2 0
0 0 9 0 0 0 15
0 1 0 0 19 0 10
1 0 11 1 2 0 6
58 6 9 67 6 0 5
0 0 0 0 0 5 26
37 0 0 0 0 0 0
22 16 7 4 20 8 7
0 1 11 1 37 1 1
12 53 52 101 98 74 99
4 12 21 30 14 2 12
1 1 0 4 5 1 1
1 1 0 83 8 1 34
0 1 4 0 2 13 0
4 2 4 4 30 6 22
12 0 0 0 0 0 70
15 1 57 5 2 1 7
0 3 0 0 0 11 7
0 12 0 16 5 2 0
24 24 0 0 0 1 0
14 66 0 30 13 11 51
3 20 10 3 100 6 40
3 91 61 5 5 4 20
24 44 0 0 6 0 0
1 2 1 88 1 1 12
1 0 1 30 0 0 2
59 0 0 0 0 2 1
4 6 3 2 0 28 8
17 11 1 0 1 0 9
23 2 1 9 24 2 0
1 0 1 25 9 10 2
1 3 0 1 0 16 40
3 12 0 4 4 45 51
12 2 0 2 6 10 2
24 3 0 0 1 1 18
0 0 5 2 0 0 4
1 3 1 0 0 0 0
36 1 1 3 1 0 1
31 57 54 26 12 7 6
2 21 2 2 2 11 67
2 30 34 0 11 25 8
1 4 1 1 86 51 0
1 16 40 5 6 4 47
93 54 10 4 4 77 3
0 0 0 1 3 4 26
3 0 0 4 0 1 0
72 7 15 3 4 11 17
7 22 36 6 1 1 6
0 0 43 0 25 0 2
22 26 3 82 29 87 14
0 12 0 12 0 0 0
7 1 1 76 1 0 32
3 2 1 54 37 0 28
35 27 14 7 11 11 10
66 0 0 1 1 0 0
0 0 0 0 7 2 0
0 4 0 0 0 0 0
4 2 1 1 8 2 8
7 0 17 0 0 0 18
0 13 3 0 67 1 42
4 10 3 95 64 2 50
0 0 32 0 0 3 1
2 21 6 0 5 4 22
0 11 0 12 0 0 0
2 1 1 39 37 2 6
0 0 0 0 73 99 9
0 50 0 0 0 15 13
57 2 44 3 3 4 46
0 0 37 0 92 3 0
0 0 0 0 0 0 0
0 2 0 60 0 19 0
12 0 13 3 4 4 30
27 13 0 0 0 4 0
0 1 0 8 0 21 17
53 0 15 3 0 0 0
0 12 1 1 0 21 11
0 11 14 1 0 12 3
0 9 46 7 5 3 20
0 0 0 0 0 3 2
5 11 1 10 1 1 0
3 2 7 1 3 28 27
8 25 69 46 2 4 6
1 42 22 23 1 0 0
0 1 12 38 1 0 2
0 32 0 1 9 0 0
0 0 0 0 2 1 0
3 78 7 2 27 11 60
5 5 15 4 18 5 2
0 0 33 0 1 10 0
4 1 46 3 0 2 8
1 17 2 1 0 19 91
0 1 8 4 3 1 0
79 10 7 25 5 41 7
25 44 46 9 13 3 19
3 3 1 95 9 31 2
0 0 0 0 0 0 0
0 0 18 0 0 7 6
46 84 1 0 1 5 0
0 0 0 62 0 2 2
31 20 46 5 9 7 66
101 49 79 99 101 8 101
101 78 96 68 17 101 8
8 3 0 3 53 3 1
0 0 0 27 0 0 32
0 9 0 0 6 0 0
25 17 13 8 11 20 0
31 92 5 12 77 20 29
0 0 0 0 5 0 0
0 1 16 2 1 1 15
2 1 45 2 1 3 48
0 14 0 1 3 0 0
2 45 1 2 6 10 1
32 22 41 93 33 58 31
18 5 0 2 1 2 1
1 17 0 1 0 76 1
26 0 1 10 1 1 2
2 9 1 1 3 66 1
16 6 0 0 30 0 0
91 1 1 6 5 28 21
5 14 0 0 6 0 54
0 0 21 0 0 0 4
43 45 10 4 42 1 11
16 0 0 1 0 0 0
0 0 0 0 0 0 0
7 0 3 3 33 3 7
2 0 5 2 2 27 31
3 8 0 80 2 2 1
0 0 0 1 0 3 0
0 0 3 35 15 0 0
5 3 2 15 40 3 3
4 1 1 16 4 1 4
1 0 17 1 3 39 1
0 0 1 15 59 3 1
4 6 4 4 4 17 1
0 0 1 22 0 0 0
4 0 3 0 0 25 0
25 13 11 97 36 7 9
13 0 0 16 1 0 0
0 5 4 96 39 37 5
0 6 1 15 1 1 40
0 0 0 0 8 42 0
38 12 0 23 4 2 2
0 0 0 16 3 0 7
25 49 2 3 3 3 2
13 3 49 3 3 3 7
0 0 1 0 0 63 1
1 0 23 10 3 40 2
0 51 14 0 0 35 0
56 13 99 84 0 70 21
1 1 24 0 1 3 0
0 16 0 13 0 0 9
6 0 0 0 0 4 0
1 83 22 1 0 0 39
4 1 7 2 30 0 2
0 0 39 5 2 2 29
0 1 0 0 0 2 2
0 19 0 0 0 0 0
6 0 0 0 3 30 0
2 4 50 18 0 8 1
7 0 26 4 0 0 0
0 12 0 0 0 2 16
68 8 13 0 7 8 9
0 9 0 0 19 0 0
2 19 17 4 3 15 2
75 22 20 36 19 35 10
0 6 0 0 0 0 13
1 5 1 1 26 13 0
8 7 83 90 17 20 64
4 4 0 29 3 2 0
12 42 27 86 5 24 9
3 2 78 3 10 53 2
20 21 2 39 3 1 0
6 0 29 2 2 1 3
0 12 5 0 0 2 0
1 1 21 37 1 22 0
1 0 0 1 0 1 0
0 9 19 0 0 9 0
20 2 0 2 0 0 0
2 1 4 7 3 23 15
12 1 15 1 1 0 3
5 3 3 19 3 3 7
0 0 2 22 9 0 0
3 10 0 15 0 5 1
6 1 44 1 3 2 20
9 5 3 0 1 30 3
54 1 1 1 5 8 1
0 0 0 2 0 1 21
5 92 23 5 85 22 88
0 5 0 0 0 21 4
46 3 0 0 31 0 0
4 61 1 0 10 13 2
34 19 63 41 20 43 16
52 11 11 6 93 5 6
0 0 25 0 0 5 0
55 0 0 0 0 0 0
0 0 3 2 4 0 0
55 0 6 0 23 0 0
2 42 0 29 1 10 2
0 0 2 0 0 0 41
0 0 0 0 2 7 27
4 0 0 36 0 0 3
1 6 14 16 0 0 1
16 100 101 5 8 12 100
2 1 1 9 2 2 61
18 0 0 0 0 24 5
56 0 0 0 0 0 0
18 0 3 0 0 42 0
1 3 9 6 25 2 20
1 2 2 0 19 18 27
12 78 70 18 0 89 10
0 3 43 3 5 0 5
6 2 13 1 16 0 87
3 3 54 5 0 12 0
0 0 0 15 0 14 1
8 0 0 9 4 0 0
2 2 5 2 9 6 0
0 0 5 4 0 10 0
13 13 37 0 0 2 0
2 0 12 0 2 0 0
4 6 4 24 2 7 3
0 10 0 5 54 9 80
2 2 2 20 72 2 8
0 0 0 0 0 0 6
3 2 9 0 0 0 0
0 82 15 47 13 7 21
20 0 1 1 22 67 1
0 0 0 0 0 1 29
0 26 0 0 2 0 2
2 0 18 4 7 4 8
0 7 25 2 1 1 0
6 25 3 96 2 55 6
1 0 14 2 2 5 0
53 97 45 75 84 4 21
41 9 9 2 28 11 9
38 2 2 7 17 5 84
81 14 45 14 11 41 6
0 56 3 1 2 0 10
2 3 3 0 4 37 18
0 0 0 8 25 0 0
1 0 3 0 36 0 0
87 101 101 101 99 22 43
1 3 0 1 61 1 13
8 0 0 1 22 4 0
0 0 2 0 0 1 15
3 3 1 11 6 0 0
0 0 35 4 1 1 34
0 0 0 2 0 40 10
13 0 0 0 0 11 0
6 16 5 35 35 82 19
12 8 1 20 2 2 2
82 80 57 76 17 100 95
3 15 3 1 56 57 3
0 4 9 0 0 61 1
0 0 0 0 0 101 1
1 27 1 55 1 0 16
0 0 34 19 0 0 10
0 0 0 0 1 5 0
0 0 3 0 0 0 56
16 6 3 0 1 5 46
0 1 91 7 0 1 27
0 2 8 18 0 1 0
7 1 2 6 0 1 1
11 0 0 0 8 1 74
0 0 39 0 0 0 0
14 0 4 58 0 94 8
3 0 0 62 0 0 2
42 13 17 10 13 24 4
4 59 2 2 2 0 2
15 18 0 0 0 0 7
1 7 1 3 1 1 6
0 0 0 0 1 41 4
40 0 16 9 0 0 0
16 0 1 64 1 0 4
1 2 2 0 1 26 1
95 3 14 5 8 34 95
8 90 7 69 3 14 8
0 14 3 8 9 15 30
5 1 4 8 49 2 20
10 2 15 15 2 0 2
1 0 0 0 0 0 0
37 18 50 11 8 3 5
0 3 0 0 0 0 3
0 0 5 14 0 0 0
0 0 16 11 10 0 0
10 35 12 53 27 16 15
10 0 21 82 0 23 3
2 2 42 1 15 1 11
11 10 54 45 20 8 42
22 74 4 0 0 0 0
38 0 77 1 2 2 8
2 8 2 1 31 0 11
91 6 60 0 0 0 0
91 33 33 16 98 96 6
0 0 0 0 77 0 3
0 0 46 7 0 85 0
15 3 5 12 6 42 16
5 1 15 1 1 0 38
2 0 1 10 34 47 0
15 43 19 9 5 19 6
1 8 10 0 0 0 0
30 1 1 1 1 1 9
65 0 0 6 0 1 0
40 0 4 14 0 0 0
3 18 7 14 6 57 85
0 0 0 0 0 49 0
43 2 7 92 24 3 1
0 0 0 6 2 0 2
9 51 9 21 2 1 48
21 4 2 40 8 5 5
1 1 27 1 0 0 17
0 28 1 4 1 0 9
0 0 15 0 9 0 35
6 3 18 2 5 44 5
4 51 0 0 0 0 3
0 0 0 0 0 0 54
0 20 4 0 2 0 0
0 0 26 0 1 0 6
5 7 9 0 1 2 2
0 0 9 0 4 0 21
0 0 0 8 15 0 4
0 7 22 0 0 0 1
6 0 2 21 0 0 0
4 1 1 4 0 12 21
1 4 2 9 3 32 3
24 22 2 7 1 1 2
0 4 0 14 0 0 1
16 21 55 1 8 11 80
0 0 0 0 18 3 17
25 8 40 2 6 1 83
0 0 6 0 0 53 0
2 4 11 6 32 51 7
32 1 71 0 0 60 1
38 11 16 0 0 9 84
1 1 4 1 12 31 0
0 0 47 1 0 19 0
1 3 2 1 1 8 0
5 6 3 47 36 47 6
9 9 16 33 10 27 4
3 0 13 7 22 78 53
9 36 6 2 15 6 23
0 0 0 0 1 0 11
0 58 0 0 44 65 0
42 29 9 0 0 0 0
0 0 0 4 2 0 5
0 19 23 0 0 0 12
1 31 1 1 16 10 0
0 3 46 0 17 0 0
21 0 0 29 3 1 0
3 3 21 38 1 29 1
6 56 40 2 56 2 8
20 25 12 20 28 5 24
0 50 0 2 1 13 1
1 0 3 2 0 1 8
2 4 17 5 9 84 5
0 0 0 3 1 0 0
0 49 10 1 0 0 0
1 1 3 1 23 4 0
9 1 33 6 6 5 5
0 0 2 0 0 6 0
0 0 0 0 1 0 0
29 0 12 3 3 3 73
0 6 3 2 25 2 29
14 0 0 12 97 0 0
0 0 2 26 9 0 22
0 0 0 16 3 0 46
13 12 22 12 8 10 2
7 0 35 0 0 0 0
0 9 1 0 0 0 0
2 0 0 0 0 6 0
16 0 0 3 1 0 0
26 69 3 48 4 4 0
0 0 31 0 0 0 3
6 23 1 1 0 0 10
53 11 15 8 23 30 41
1 9 2 2 76 0 42
56 0 0 0 0 0 0
4 0 7 2 52 0 2
3 89 89 26 101 49 72
0 0 5 1 3 0 0
10 51 11 39 5 28 7
0 0 4 0 1 0 28
1 15 6 1 8 22 1
1 11 5 21 5 7 2
0 1 1 23 8 1 77
18 18 26 9 11 8 5
0 0 2 0 0 0 0
48 32 63 77 54 17 63
1 5 1 56 0 1 10
1 1 1 7 17 0 27
0 16 0 1 0 0 2
1 20 2 1 0 1 1
52 4 10 1 3 4 4
1 0 9 0 0 44 0
2 7 2 0 91 17 0
0 0 68 5 2 2 2
13 17 39 8 26 3 5
88 95 100 101 16 26 100
0 93 7 0 0 0 0
0 0 7 7 0 1 0
0 0 0 0 0 0 0
5 39 4 0 2 3 1
0 0 1 44 0 0 8
4 0 0 0 0 27 12
0 0 0 0 13 0 0
7 42 3 6 25 0 81
29 12 3 60 3 7 7
27 4 3 0 4 82 30
0 97 0 30 0 44 0
2 2 4 63 2 7 0
5 0 62 53 47 18 3
27 6 0 6 83 7 21
5 33 68 2 1 4 75
27 29 22 57 35 7 9
11 0 1 0 0 4 0
92 35 19 5 5 3 3
0 90 35 2 4 6 15
18 32 9 42 30 30 23
1 3 0 57 76 1 20
75 0 13 2 1 2 48
1 1 1 28 1 23 16
6 2 20 16 14 6 6
1 0 2 2 16 30 31
61 0 6 0 82 0 0
7 9 10 10 0 4 39
0 0 90 0 78 5 0
3 87 36 32 5 2 2
12 2 40 9 3 5 8
78 1 3 1 1 0 3
62 60 8 43 16 5 9
13 5 5 43 13 3 10
1 4 2 0 7 2 20
28 1 0 0 1 7 4
1 0 14 0 0 0 3
1 3 22 0 0 0 0
0 0 4 0 3 0 0
3 3 6 2 32 8 0
3 0 38 1 12 3 19
0 22 0 0 0 0 3
0 0 0 3 0 0 0
1 9 21 5 25 4 4
5 0 2 6 0 0 0
1 7 0 17 5 1 1
7 23 7 0 27 3 23
16 0 0 3 16 2 1
7 4 19 2 6 11 6
21 5 1 46 2 1 2
0 8 0 23 0 0 15
6 0 1 7 1 2 18
8 40 21 44 10 40 3
0 82 12 0 0 0 0
2 40 0 1 74 49 2
0 0 0 41 0 0 38
7 15 2 15 41 55 42
60 6 17 98 52 85 88
51 2 100 101 12 101 52
0 13 0 0 0 0 32
0 0 8 13 2 2 7
2 3 67 26 30 0 3
0 0 11 0 0 26 7
1 38 5 22 4 3 4
55 37 11 68 10 8 5
2 56 9 0 4 3 2
52 22 13 8 93 81 89
4 49 20 8 51 4 7
1 45 15 5 6 1 42
0 0 0 5 0 0 18
0 2 18 5 0 0 0
7 0 1 1 42 0 14
1 0 1 39 0 4 24
0 0 0 0 0 0 0
10 8 14 4 60 48 3
0 0 0 1 0 26 14
3 96 4 7 71 4 1
5 26 0 99 3 51 5
0 0 2 0 0 0 2
15 13 36 47 27 10 15
0 11 0 12 0 5 0
1 3 0 1 3 74 2
4 3 2 26 3 30 3
11 3 17 6 1 9 17
0 1 53 1 6 45 0
9 0 0 0 32 0 0
0 20 0 0 34 0 5
30 20 19 47 13 62 2
44 23 4 75 10 10 3
3 3 3 38 6 1 3
20 5 3 83 5 5 30
5 4 8 9 34 12 5
2 13 0 0 3 4 2
0 0 3 3 9 11 29
45 6 1 1 1 0 5
11 0 0 1 3 13 1
43 0 0 3 0 0 0
66 4 32 27 1 1 6
8 0 0 0 3 0 11
0 15 0 1 0 0 54
30 1 3 3 2 1 41
0 16 0 1 1 7 36
0 0 10 1 1 33 12
1 2 57 0 2 8 1
0 79 1 63 2 8 20
0 1 1 14 6 0 5
0 0 15 54 0 2 0
0 1 0 0 52 0 71
0 1 9 4 3 11 17
0 0 45 0 0 12 7
33 85 7 10 4 4 17
3 0 5 8 14 7 2
11 1 2 1 3 38 2
8 12 3 10 18 34 10
86 76 38 19 99 81 50
0 0 7 0 0 0 0
0 0 0 12 0 0 0
1 5 1 54 14 0 1
8 7 1 4 1 1 0
18 1 34 47 54 8 8
1 4 35 0 8 1 1
0 20 8 0 1 0 0
0 0 0 9 1 0 0
0 0 0 0 68 56 43
3 2 0 0 0 0 1
0 0 0 0 0 6 0
1 19 1 0 0 0 1
0 95 63 6 1 6 10
31 26 0 2 25 0 2
0 48 0 2 2 1 4
1 1 74 5 98 1 1
0 0 1 46 0 31 0
7 9 18 5 3 91 100
24 28 0 0 0 0 0
0 17 1 0 1 0 1
1 72 1 13 45 14 39
25 63 0 0 0 0 22
13 1 1 27 13 1 1
4 0 0 32 2 0 0
0 0 0 0 0 1 7
2 21 17 1 4 6 8
2 48 44 20 1 1 2
1 0 1 1 0 5 0
0 2 0 0 0 1 1
10 5 5 47 5 8 3
5 0 0 4 11 0 0
57 15 48 5 2 6 6
0 1 1 8 4 1 14
0 0 0 0 0 1 0
100 9 49 5 2 2 1
0 0 0 1 0 2 9
1 31 0 3 1 1 0
6 88 8 10 3 11 6
51 14 7 58 1 16 58
10 0 1 0 0 0 25
38 2 4 35 8 15 8
0 97 0 0 0 0 6
1 38 1 98 6 4 2
7 2 0 3 27 7 0
1 0 46 0 0 15 0
0 3 21 0 0 0 0
0 1 48 0 0 0 0
24 3 18 3 1 2 2
0 0 1 1 0 0 3
101 51 83 71 100 81 63
0 0 2 4 0 0 14
0 0 53 0 1 0 7
5 0 0 2 0 1 4
33 3 0 3 3 31 3
27 2 2 20 1 15 2
0 0 2 27 2 2 36
10 1 9 0 0 0 0
8 2 17 8 7 47 7
0 20 27 0 1 1 13
2 15 11 0 0 1 42
0 6 0 5 0 0 0
2 45 0 0 6 0 0
0 0 0 1 0 0 12
0 0 0 0 2 53 0
14 0 0 0 0 3 20
0 0 0 4 0 0 0
0 12 27 3 12 2 2
6 4 0 0 22 0 0
9 0 14 0 0 0 0
1 5 2 7 5 0 40
0 0 0 70 0 2 0
0 1 0 0 0 0 4
19 13 4 4 0 28 5
0 0 1 52 0 60 0
2 0 15 1 0 0 0
1 32 1 91 2 1 0
28 11 31 21 12 58 37
12 0 2 2 3 52 3
19 4 63 9 21 4 6
1 6 60 1 0 0 73
2 14 18 20 2 2 0
44 59 67 1 4 11 7
0 2 30 48 94 1 2
12 2 2 39 14 0 0
1 1 0 12 4 63 0
2 2 3 2 0 1 3
0 3 4 3 63 3 0
0 0 57 0 14 92 0
5 1 23 4 12 3 5
0 3 12 0 0 0 0
78 0 0 0 0 0 38
0 0 1 4 2 0 0
20 6 9 4 11 2 7
1 0 11 3 1 2 0
0 6 0 0 0 2 4
5 17 3 0 2 37 33
9 0 0 0 0 7 43
0 0 5 4 76 4 48
0 0 0 0 1 0 13
1 25 11 26 2 2 2
3 6 70 6 15 4 80
0 0 0 21 0 0 38
0 0 47 0 0 5 1
6 6 86 0 59 93 0
6 20 19 9 9 24 4
0 0 91 0 0 37 0
5 3 0 1 6 1 1
15 4 16 9 34 67 90
7 0 16 0 0 0 8
18 1 1 1 13 0 9
2 2 25 11 1 28 2
3 2 0 79 0 0 0
46 66 14 35 4 12 0
3 21 1 10 2 1 0
26 0 0 0 0 0 3
0 7 0 1 1 1 10
1 1 0 0 4 0 0
3 52 0 2 1 1 2
1 1 14 1 0 1 26
2 0 0 0 0 0 0
85 4 0 11 5 1 27
60 43 15 5 2 18 10
58 46 45 38 72 7 33
1 10 51 0 5 1 0
3 6 29 1 72 3 7
7 5 0 7 75 11 48
12 5 2 16 0 1 7
1 2 1 1 36 4 1
42 0 0 8 1 0 0
0 27 0 0 0 42 36
13 1 3 29 4 3 14
2 20 8 2 2 1 48
1 1 2 1 1 3 2
98 0 0 0 2 32 0
2 5 19 11 4 5 44
5 1 0 0 47 0 0
3 0 1 1 0 8 21
2 6 1 0 26 9 1
3 18 36 1 4 50 3
4 16 38 4 4 14 4
8 0 15 1 1 0 9
2 0 26 0 7 1 1
1 1 9 1 2 0 14
76 10 13 42 85 89 25
36 3 15 19 8 9 4
3 1 8 3 0 9 17
1 1 4 1 65 0 6
2 28 14 2 22 2 1
2 0 0 2 14 2 19
0 27 0 0 1 0 0
21 28 1 0 2 0 1
15 5 17 1 63 1 5
0 0 8 0 0 11 3
0 31 44 2 1 1 0
1 0 0 0 0 0 0
0 1 8 4 0 12 1
88 47 35 61 16 71 65
24 0 0 1 0 8 0
19 0 30 0 0 38 0
0 0 2 0 0 0 0
12 30 13 35 14 3 13
4 0 0 0 4 2 0
12 4 77 1 4 4 4
0 0 1 4 0 2 0
4 0 3 1 0 2 0
3 26 0 0 0 0 1
0 69 3 0 48 0 29
1 22 1 2 4 2 3
0 12 10 7 0 0 0
6 45 17 21 4 2 4
2 70 27 2 0 54 3
90 5 2 6 25 5 7
3 5 6 28 10 92 5
1 8 4 1 52 1 1
17 5 51 6 17 3 7
17 21 0 6 6 1 10
13 14 7 0 0 0 0
11 34 10 7 7 7 23
1 13 0 0 0 0 1
4 86 4 6 1 75 1
6 34 55 4 18 10 1
0 6 1 11 2 2 50
0 22 0 27 0 0 2
0 0 68 37 0 55 0
6 1 0 1 46 2 4
4 73 3 33 25 0 0
9 55 11 42 6 8 17
34 29 6 18 35 70 22
0 0 16 8 0 2 0
1 0 14 0 5 0 0
0 0 0 0 34 6 6
48 21 9 13 11 25 5
7 0 1 0 0 2 0
0 17 1 0 100 0 27
1 1 1 0 0 2 2
0 33 2 0 0 0 0
0 25 1 0 0 0 0
0 1 0 2 0 0 64
8 17 4 0 4 29 2
54 33 9 29 3 7 8
0 3 1 1 9 1 50
0 0 1 39 35 1 1
82 96 51 82 94 95 26
0 7 9 0 0 0 8
0 0 0 0 0 0 3
0 0 5 0 0 0 2
2 9 1 0 7 2 2
0 5 4 0 0 42 0
0 7 6 0 30 0 0
6 5 2 2 11 22 2
2 2 71 0 25 1 16
9 9 54 0 1 20 66
92 18 14 0 40 31 8
0 0 0 31 0 10 32
26 9 0 17 0 2 2
0 1 0 14 7 1 28
8 7 4 1 13 6 72
8 3 61 89 0 0 1
0 3 15 13 3 3 12
30 6 6 37 31 48 2
0 0 0 0 0 0 0
6 1 39 13 10 9 1
9 0 41 1 1 1 0
0 0 0 0 0 0 0
25 7 41 12 30 12 1
59 38 96 44 91 41 84
0 9 0 0 6 0 8
0 3 24 0 0 32 0
1 1 2 1 1 8 4
0 9 7 0 0 0 0
0 2 9 1 28 2 2
3 49 2 3 2 2 21
7 6 0 1 1 14 1
1 10 7 25 2 2 4
34 0 0 3 0 6 0
1 0 6 1 0 0 32
5 67 37 5 20 16 43
57 0 0 0 1 1 0
1 8 4 1 1 0 1
6 5 1 4 2 2 1
1 18 4 14 22 1 16
17 0 0 12 0 0 14
0 29 0 0 0 41 6
1 0 0 0 0 0 0
0 7 0 0 0 76 100
6 5 13 84 6 20 3
10 2 2 23 1 12 0
1 1 0 27 25 12 1
0 1 1 3 1 2 1
3 4 9 6 13 16 1
1 3 5 19 20 0 3
0 0 0 1 3 0 0
5 8 21 5 33 1 5
1 0 32 0 0 0 96
2 0 13 40 8 1 2
7 0 0 61 0 0 0
0 0 25 3 0 0 2
60 3 1 8 3 4 96
0 67 0 0 0 0 1
35 13 12 6 59 13 60
8 0 4 18 2 0 2
9 6 42 30 4 0 68
0 2 1 7 0 9 1
17 77 5 9 1 21 2
2 13 2 1 0 0 1
0 0 1 0 0 0 10
45 0 0 0 4 0 0
4 3 1 41 4 14 72
1 0 54 0 0 0 0
0 45 31 2 1 2 71
2 52 48 14 56 26 26
0 0 19 4 0 0 0
0 0 0 19 0 0 0
69 22 63 95 4 27 1
2 1 0 0 52 13 21
9 16 1 36 3 15 3
0 12 0 0 0 2 1
12 0 0 0 8 0 30
37 17 10 19 7 2 101
0 0 0 0 0 0 45
1 88 1 7 1 2 1
82 98 6 6 101 18 18
2 7 55 5 7 6 87
0 0 0 20 0 1 85
7 4 12 37 8 101 15
0 3 0 0 0 22 1
17 2 14 0 3 0 3
0 0 0 54 0 0 0
70 83 24 101 89 4 40
24 0 0 73 80 2 3
61 4 2 4 6 1 91
1 10 1 2 1 22 35
25 6 4 36 1 9 0
44 4 1 0 5 1 8
22 0 51 0 57 0 1
15 1 2 2 2 1 11
0 0 7 1 8 1 2
59 0 64 0 1 0 0
18 99 4 94 20 67 1
0 6 0 0 0 0 0
0 1 3 15 0 0 0
9 0 0 0 97 0 3
12 13 35 24 37 3 6
0 0 68 1 56 43 1
41 16 11 24 5 19 69
1 23 1 4 0 0 1
21 16 18 8 21 6 55
4 4 1 2 55 3 13
