4 1865
59 51 9
78 100 88
1 0 4
6 4 3
1 0 0
45 49 8
2 0 2
0 2 0
2 4 7
67 18 42
8 36 3
5 5 2
2 11 2
0 0 0
1 1 4
5 1 12
7 8 0
8 2 2
2 89 2
3 84 93
9 1 4
0 9 0
0 5 0
0 0 0
3 14 0
0 13 1
6 1 11
7 8 1
1 10 0
2 3 6
4 7 1
30 14 58
10 1 0
4 8 1
0 4 1
1 3 13
1 12 0
94 98 101
0 0 10
5 6 4
1 4 1
0 1 0
0 14 1
13 11 18
4 3 0
3 4 4
4 1 2
18 42 47
5 5 2
2 18 1
2 2 5
81 12 47
89 57 28
0 0 3
0 6 3
0 14 0
75 99 95
2 9 1
5 0 0
5 0 0
1 6 0
3 1 4
0 31 7
0 0 3
2 1 2
2 0 0
0 4 3
99 96 97
0 14 0
0 3 0
7 0 0
0 2 0
6 0 0
5 5 1
7 4 1
1 7 1
1 3 2
0 2 1
2 4 0
0 4 1
6 5 2
57 65 4
0 0 9
0 3 6
1 6 5
36 78 69
18 2 73
0 7 3
0 0 0
1 0 8
49 13 41
0 0 0
45 11 23
0 0 2
0 10 0
6 2 2
4 0 9
27 96 28
8 46 22
0 0 0
10 5 2
19 70 87
22 1 1
8 4 3
7 3 0
0 0 4
16 51 83
2 0 0
13 1 1
0 6 7
3 12 1
6 3 0
11 0 2
101 101 86
3 10 4
68 94 55
70 16 0
11 6 1
0 28 55
90 101 57
56 4 26
0 9 0
88 97 63
74 3 0
0 5 0
3 0 0
1 12 86
1 0 1
6 1 1
7 1 1
59 3 10
4 1 3
7 0 68
14 100 99
3 4 0
83 101 99
2 1 2
52 44 18
93 49 66
14 18 7
47 37 11
3 0 1
0 8 0
5 4 0
24 10 75
3 5 5
0 0 0
101 100 62
1 1 2
1 4 1
101 0 63
1 7 0
0 1 12
0 1 17
2 2 0
2 1 11
1 1 0
0 0 1
1 0 0
32 84 93
98 54 89
8 3 3
1 2 0
1 9 1
12 0 0
0 5 3
3 0 7
5 64 0
0 2 0
0 0 1
0 14 15
0 0 0
6 0 1
9 2 0
4 1 0
4 0 5
14 0 2
1 3 12
7 3 6
9 2 6
2 2 3
70 36 13
4 4 7
7 78 70
2 3 1
0 4 2
0 3 7
5 2 2
4 4 5
0 0 1
1 1 4
0 2 0
4 19 0
1 3 0
5 17 23
69 54 22
0 8 0
15 1 0
0 7 0
15 2 0
75 92 94
1 9 0
9 6 1
82 6 8
4 10 4
28 72 73
0 0 3
2 6 4
3 0 1
1 3 0
18 0 0
35 3 23
49 99 99
1 1 0
12 1 1
3 0 0
12 3 0
74 10 34
0 12 5
0 0 0
24 36 24
7 0 0
12 0 1
2 14 2
1 3 0
0 0 0
10 29 19
15 4 26
7 1 1
1 9 1
2 4 6
6 0 1
4 0 5
1 3 3
0 1 10
1 0 13
2 2 2
22 8 37
67 101 48
0 0 4
4 0 0
60 30 25
6 0 9
1 1 1
94 48 23
0 0 3
0 5 0
35 25 101
2 2 0
2 5 1
0 14 0
68 95 82
1 8 1
99 60 49
1 8 26
29 73 62
0 4 7
7 9 51
32 67 12
1 6 9
66 80 101
30 99 89
50 10 16
4 0 2
7 13 6
0 0 2
79 4 92
5 4 9
0 1 9
76 62 90
0 2 1
97 65 28
3 7 1
88 8 9
46 4 10
3 0 7
5 3 10
12 92 70
0 0 1
9 2 3
50 36 2
41 100 99
4 5 7
1 1 0
100 99 96
3 0 10
8 4 4
71 100 81
3 1 11
0 0 16
37 50 47
0 9 2
0 1 0
0 1 0
1 11 0
0 3 1
0 0 0
1 6 4
3 1 1
5 0 2
2 1 1
16 0 0
2 0 2
98 100 100
0 18 0
71 42 72
4 9 5
0 1 0
6 2 0
0 5 12
2 3 1
42 68 66
92 90 69
1 0 2
0 3 10
0 0 0
4 3 4
5 0 10
0 5 7
1 1 1
3 7 6
8 0 3
92 50 23
0 4 0
6 7 0
8 9 0
88 89 95
1 2 0
91 88 74
0 2 1
0 25 12
2 6 0
42 4 18
1 0 3
1 17 0
6 1 6
0 0 8
51 87 99
0 0 0
0 0 0
100 101 54
5 1 5
12 0 0
5 1 2
1 10 6
5 4 2
26 2 60
15 0 1
9 2 4
4 5 2
42 35 86
8 8 2
21 16 1
0 2 1
3 25 12
2 5 1
0 4 3
24 91 1
2 7 4
3 1 0
8 5 0
0 3 15
0 9 1
67 69 8
0 2 5
1 2 5
3 3 5
15 2 1
2 0 0
0 1 0
5 1 9
1 3 0
1 0 11
10 3 56
2 1 8
2 1 12
10 0 0
42 43 2
0 5 9
2 1 4
0 4 0
2 5 1
92 25 11
81 61 53
50 0 1
2 4 0
0 1 1
1 1 4
1 0 0
0 0 0
0 3 2
13 0 0
0 0 8
8 59 1
0 3 5
0 14 3
1 1 5
34 22 5
7 1 1
37 41 5
17 81 26
4 1 0
56 43 10
10 6 2
0 3 0
2 0 2
1 11 0
0 22 8
1 2 5
5 3 8
37 99 99
5 1 6
101 70 77
0 1 1
1 3 7
11 38 20
8 0 0
54 5 0
88 68 97
1 12 1
2 3 1
0 0 0
3 49 17
3 6 3
101 101 99
1 1 0
100 100 101
2 0 7
1 4 12
98 101 50
0 8 0
2 0 2
0 1 0
1 2 0
83 100 10
2 7 6
1 3 1
99 99 98
1 0 1
97 95 94
12 0 4
1 4 3
2 0 4
0 3 0
6 0 0
0 0 2
2 3 13
12 9 7
6 3 2
0 5 3
54 30 24
14 25 23
37 31 14
68 40 1
10 4 4
4 12 1
30 8 35
1 2 3
2 10 4
2 8 5
0 0 2
0 1 0
1 1 1
0 0 2
1 7 3
40 4 0
73 79 11
0 0 6
2 7 7
0 0 2
3 9 4
99 99 93
0 17 0
12 2 0
13 4 1
11 65 30
101 100 100
4 6 6
0 1 3
10 0 5
0 74 0
0 0 0
71 83 46
3 5 2
57 78 94
2 9 2
25 1 17
0 4 3
2 2 2
46 1 59
6 8 3
1 46 2
89 91 78
0 7 3
10 21 1
4 7 0
2 2 16
0 13 5
0 3 12
2 0 0
1 0 4
1 16 1
60 3 4
71 69 6
12 1 3
7 96 1
59 100 99
2 8 8
8 0 3
0 0 10
4 1 9
2 1 3
13 0 0
42 77 0
9 29 4
4 2 6
7 5 0
3 3 1
0 0 2
5 2 11
92 70 86
92 4 74
2 1 12
4 6 1
1 43 11
4 0 1
1 0 2
0 6 1
4 9 2
8 4 6
0 7 5
2 1 6
1 5 0
12 2 1
1 23 2
9 0 1
22 5 19
3 9 1
6 3 3
2 1 3
2 10 6
49 99 98
10 2 3
1 2 11
0 0 4
3 2 1
4 7 2
100 97 7
7 1 1
14 1 0
0 2 1
4 9 5
3 0 8
10 6 1
5 6 3
0 2 2
90 83 7
4 6 0
0 1 0
0 11 0
58 28 10
3 2 3
2 4 3
21 8 84
2 4 3
1 16 0
95 63 2
95 79 84
9 0 1
2 6 1
2 0 3
3 2 5
1 0 6
3 1 11
0 4 2
0 1 1
6 10 0
6 5 1
0 10 0
2 0 0
4 1 0
1 0 1
7 15 18
85 65 9
1 4 5
4 2 40
2 2 2
4 2 1
0 0 0
7 3 2
8 0 8
65 30 16
1 1 0
14 2 0
89 96 75
2 0 0
88 98 94
2 0 9
8 96 89
1 3 5
63 51 98
0 3 2
3 5 5
0 5 71
1 1 2
0 0 0
0 0 11
93 69 67
73 45 0
28 69 9
2 3 0
60 27 46
0 7 0
0 1 7
0 8 0
32 24 7
7 1 5
11 3 2
92 84 96
0 9 4
23 97 96
1 3 10
1 0 3
1 2 0
3 3 10
0 1 7
0 0 0
0 18 0
10 14 7
5 6 0
1 0 0
77 75 46
8 0 5
1 12 17
9 0 0
0 0 0
2 3 2
7 0 4
1 0 1
0 12 0
0 0 0
8 5 2
1 14 2
101 71 98
0 0 4
2 0 11
6 3 8
0 9 1
1 4 0
3 2 11
51 96 5
1 0 0
2 3 6
2 1 14
1 0 11
34 24 18
1 3 0
5 1 1
9 2 6
0 9 1
3 1 11
0 3 2
0 2 1
0 0 3
2 3 10
1 1 0
1 0 0
72 96 11
3 1 0
30 7 9
5 0 0
4 9 1
0 5 1
2 4 0
8 1 5
23 17 0
4 4 33
5 0 0
97 92 100
9 0 5
49 15 73
13 14 1
75 91 80
0 0 15
0 4 0
1 1 1
4 6 8
4 5 9
4 2 1
0 3 2
0 0 0
4 0 15
101 62 100
7 4 7
14 2 1
0 0 1
16 0 2
2 3 11
2 7 2
3 1 0
5 1 9
4 6 1
5 4 10
2 7 1
3 14 0
0 0 1
0 7 2
0 60 6
87 81 74
41 86 39
78 101 98
0 7 5
5 38 3
97 66 2
9 0 5
14 1 0
101 101 101
1 1 6
5 1 2
4 6 8
3 5 3
1 0 10
0 2 4
99 61 81
37 24 2
3 1 4
0 8 1
36 1 35
81 97 3
0 0 9
2 0 0
0 6 1
5 0 3
2 6 6
6 0 2
0 0 0
1 6 0
0 1 0
15 23 40
4 2 8
0 5 5
0 0 0
5 14 4
4 6 2
7 7 2
0 0 0
0 0 16
5 6 1
1 0 0
2 6 4
1 1 1
17 34 3
0 4 5
6 0 3
2 1 5
4 2 26
5 2 2
24 1 35
0 0 1
4 0 6
0 1 1
9 31 20
3 13 18
42 97 77
2 0 8
25 5 0
8 4 0
16 12 9
8 1 0
85 44 63
5 5 4
0 2 0
2 0 0
1 1 1
21 25 87
13 4 0
94 80 86
0 1 0
24 16 46
0 0 1
7 6 0
11 7 30
85 0 2
4 1 1
99 40 91
2 0 0
68 91 9
2 7 0
10 3 0
6 2 2
86 11 37
99 97 46
101 12 101
13 0 2
1 3 3
1 0 7
3 10 0
0 3 6
84 62 38
0 1 0
40 27 9
1 0 1
0 1 1
28 18 35
4 2 4
4 1 0
13 3 20
0 0 1
35 86 0
2 2 0
52 14 7
2 0 9
3 1 13
8 0 1
8 7 3
10 0 1
4 9 0
5 1 2
4 8 4
0 0 1
1 0 17
66 10 0
0 0 2
3 87 7
4 5 3
94 93 98
1 1 0
0 4 2
0 1 7
0 8 4
4 6 2
0 1 0
0 0 0
8 5 0
0 3 0
2 8 1
66 3 1
0 0 0
5 5 1
100 83 97
84 51 37
101 101 101
2 1 1
5 2 1
0 2 0
8 0 3
11 0 5
11 0 1
0 4 0
3 2 6
2 9 5
3 9 3
5 1 4
1 7 5
0 0 11
2 0 15
6 3 0
63 37 49
1 10 2
12 2 1
10 2 6
6 0 6
40 4 60
1 48 50
34 15 21
4 0 8
0 0 0
94 84 27
3 2 3
0 0 2
0 5 2
3 11 2
11 8 27
92 92 101
7 0 0
7 7 1
5 1 8
90 88 98
12 0 3
1 1 3
64 20 11
9 0 2
1 0 1
0 1 4
14 0 10
101 101 101
7 26 50
27 5 30
8 4 2
13 9 66
3 5 3
13 3 1
1 7 3
3 4 5
101 69 79
0 0 12
0 0 1
0 1 0
5 4 0
9 1 0
3 0 10
1 0 11
5 0 0
0 2 0
2 5 4
2 1 1
1 3 0
11 5 0
2 1 0
7 5 2
5 2 5
3 5 8
7 1 0
0 0 0
0 8 0
35 30 18
7 2 9
83 46 52
0 0 1
1 4 2
0 9 1
1 2 9
68 3 20
1 20 64
3 1 6
89 89 39
0 1 10
0 4 0
6 0 3
2 7 3
3 3 0
7 49 45
2 5 3
0 0 0
4 1 13
41 26 79
4 12 1
2 1 4
92 91 90
3 4 6
0 16 0
3 2 3
48 26 3
75 64 14
13 1 0
8 50 5
0 0 1
5 2 9
3 0 1
1 0 0
0 1 0
0 4 2
2 2 3
3 9 4
13 1 3
1 0 7
0 0 1
8 28 5
0 0 3
2 0 90
96 89 80
0 2 4
0 0 1
1 14 3
0 0 8
0 0 11
5 0 3
2 2 2
4 7 6
7 7 1
5 6 0
2 17 1
0 2 10
4 2 1
2 2 0
101 76 80
1 3 11
82 101 80
98 0 0
0 2 4
3 0 2
1 0 4
0 0 0
1 15 20
1 0 1
18 17 25
2 0 9
7 3 4
3 1 9
0 32 81
5 3 2
3 0 13
101 101 98
1 0 1
1 0 4
7 1 5
0 1 0
3 5 1
92 98 81
0 2 3
3 8 55
1 0 0
0 2 6
3 0 0
5 0 0
33 81 67
91 28 15
3 2 2
8 0 1
1 7 2
0 12 1
28 42 7
2 1 0
0 14 2
2 3 1
7 0 1
2 0 3
2 7 3
25 68 13
0 0 0
9 2 4
13 2 3
25 87 77
1 0 7
89 54 89
0 1 0
4 2 3
1 7 0
7 0 0
1 0 2
0 6 2
1 2 8
101 78 101
2 6 3
100 93 100
0 3 3
6 3 5
0 2 0
4 8 0
0 0 1
4 3 1
7 0 2
0 0 0
0 2 2
83 62 76
1 16 0
15 1 2
1 4 10
6 3 5
67 47 62
2 11 2
0 5 0
95 100 98
3 0 4
39 3 0
7 3 3
0 14 1
46 31 16
3 13 0
11 5 2
0 0 0
98 27 94
8 1 0
2 0 0
37 42 25
83 24 76
0 0 0
20 3 55
1 0 4
8 2 3
2 2 4
33 3 5
4 2 3
91 94 3
2 1 3
0 0 6
1 0 1
1 4 1
0 8 0
5 1 8
1 1 0
2 1 5
0 0 4
0 4 5
1 4 10
94 13 86
7 84 5
1 1 2
0 5 5
0 0 0
1 5 11
7 13 32
1 6 6
84 90 93
9 0 0
22 21 64
0 0 0
2 88 5
1 9 6
89 71 3
1 0 0
1 3 12
0 1 0
0 9 0
36 31 5
10 61 95
18 22 31
1 6 4
0 11 3
10 0 6
6 1 10
0 4 0
0 14 0
3 2 6
11 5 0
90 95 87
3 1 13
0 1 1
5 8 0
1 1 2
9 3 1
50 46 93
0 0 0
3 0 6
31 63 8
5 0 11
0 1 3
0 0 0
5 6 3
1 2 4
53 100 7
13 6 52
0 0 0
9 1 4
97 2 78
19 23 26
0 5 3
0 3 4
1 9 8
0 4 4
2 6 8
13 0 0
6 5 1
3 3 0
0 12 4
2 1 3
67 17 27
8 3 0
1 2 0
0 0 0
2 9 0
11 1 0
1 0 4
101 100 73
1 3 6
7 1 5
0 2 3
0 5 4
7 1 3
10 5 1
94 100 94
0 1 1
0 17 1
0 0 0
27 2 11
0 7 0
4 10 0
0 3 6
0 0 0
2 1 22
1 13 0
79 27 80
18 6 73
54 52 56
54 101 101
0 0 0
6 0 6
0 5 6
0 4 5
0 1 17
5 5 4
3 0 2
6 1 6
0 1 0
72 101 91
0 8 9
8 2 3
80 78 84
90 85 69
37 16 16
1 3 6
48 46 13
5 4 12
12 1 5
96 87 85
99 95 92
0 8 3
2 8 1
0 1 1
0 3 0
5 0 0
2 2 1
0 9 0
1 0 3
0 3 0
1 0 6
6 2 92
79 98 100
2 2 11
12 56 1
29 67 24
2 5 3
6 37 76
0 6 1
10 1 2
4 0 4
3 10 1
61 4 2
0 0 0
5 8 2
27 2 43
0 14 0
3 0 95
0 0 0
99 101 58
2 1 6
2 14 2
16 0 2
6 1 6
4 13 1
2 1 0
0 5 2
13 3 1
31 0 0
1 2 15
0 2 9
0 0 5
1 1 85
58 2 0
0 0 0
2 1 0
3 4 3
0 5 96
1 4 10
53 67 38
75 96 26
1 7 1
6 1 1
20 47 8
53 54 33
1 1 3
0 0 0
80 0 26
4 10 0
100 101 99
87 40 48
86 23 19
5 8 3
1 1 3
5 3 3
0 0 0
2 2 0
0 0 8
2 2 0
6 9 2
0 0 1
6 0 7
5 6 0
2 0 7
1 0 13
57 93 83
79 86 42
2 13 0
18 73 43
1 0 5
1 10 1
15 1 2
33 78 96
0 0 6
2 14 0
0 0 0
14 26 74
13 9 12
80 15 26
0 5 11
1 7 1
0 5 1
0 12 0
0 1 0
0 0 14
0 2 0
13 0 0
7 0 2
11 2 3
97 67 89
28 72 2
5 4 8
0 0 3
12 0 0
1 1 10
14 0 3
99 99 89
2 1 0
13 4 1
19 73 17
1 10 1
1 3 7
40 55 0
31 39 97
1 0 0
3 1 10
96 47 92
2 1 0
0 0 0
0 2 2
0 0 12
2 2 5
80 36 39
10 12 5
3 7 2
9 7 12
8 7 27
37 14 14
4 2 7
0 1 0
3 6 2
1 0 1
76 90 100
7 1 7
6 8 0
0 11 1
4 3 6
9 0 4
0 0 3
1 4 0
14 0 2
85 86 62
25 2 0
0 24 33
55 101 90
100 94 37
2 5 2
1 1 3
3 0 9
0 0 5
0 10 2
20 28 6
3 12 1
1 6 1
5 4 9
0 4 6
27 61 90
1 1 10
0 0 1
3 2 0
0 1 7
94 95 76
3 2 4
16 59 94
41 32 23
29 21 16
85 89 96
30 5 30
0 3 0
0 2 0
15 1 6
0 14 3
9 23 30
2 3 0
0 1 0
2 1 2
1 1 1
42 2 41
43 45 97
95 75 83
0 0 1
2 0 1
0 1 8
6 3 1
0 1 2
1 0 1
1 6 0
49 51 92
6 1 4
0 7 0
83 86 100
1 6 3
6 1 7
0 0 0
1 0 1
24 0 1
22 84 56
2 1 5
12 4 0
1 0 6
0 3 1
0 0 1
0 0 1
1 7 9
4 3 0
17 14 41
0 1 4
9 5 3
0 0 0
3 2 0
0 0 3
2 15 1
4 2 3
0 0 3
1 0 14
2 0 0
5 1 9
31 95 26
77 38 5
21 76 24
92 85 90
8 7 2
2 11 1
10 2 5
0 0 4
1 13 3
1 10 1
84 94 91
5 0 12
4 0 1
1 0 2
2 0 5
0 4 0
101 85 101
20 1 15
2 2 6
0 0 1
10 6 0
4 1 3
32 46 63
5 15 64
0 0 2
5 2 2
0 0 1
3 0 1
100 52 99
0 6 0
98 94 82
2 2 1
0 0 17
34 78 25
18 0 0
100 89 13
13 0 3
49 49 97
94 67 28
2 14 0
6 0 0
2 8 0
97 63 48
4 9 3
0 2 3
3 1 5
7 5 4
0 1 0
0 1 5
32 61 45
10 4 89
1 8 5
5 2 5
0 0 0
0 0 12
0 0 12
2 5 0
101 63 101
48 91 51
5 0 7
86 20 36
0 0 0
92 90 99
10 0 8
15 27 7
7 5 4
93 72 100
12 38 4
1 0 1
4 2 0
0 0 4
1 15 1
0 5 0
2 0 0
3 0 4
8 65 82
0 1 8
7 84 3
4 2 7
0 6 3
1 6 3
2 6 3
4 1 0
4 3 1
0 3 8
68 84 66
0 0 2
4 8 3
8 2 0
77 96 95
1 5 0
75 79 29
6 6 2
0 1 0
1 0 17
7 1 2
1 0 3
0 0 0
0 7 6
4 5 4
1 12 2
1 0 0
0 0 1
95 70 27
5 0 0
0 4 0
37 23 26
2 2 2
13 0 0
5 3 3
2 7 3
22 62 51
2 0 9
4 10 3
0 5 0
4 0 0
0 0 1
4 0 1
30 51 10
1 27 4
1 4 4
2 3 1
7 8 13
5 1 2
5 2 2
23 92 69
0 7 11
57 83 90
0 2 3
0 0 1
2 5 3
36 69 11
18 97 45
7 3 1
7 13 52
4 9 2
1 1 2
99 98 98
9 2 6
0 13 1
49 100 40
1 3 3
0 0 6
75 20 1
2 15 0
5 6 7
0 16 1
10 1 0
1 2 0
2 2 14
0 12 5
31 76 50
10 53 3
0 1 1
2 0 0
5 2 0
1 2 4
39 80 84
58 3 97
5 12 0
5 0 73
3 3 4
89 51 44
1 6 1
60 74 77
78 76 49
43 23 86
3 8 0
12 0 3
74 34 9
1 0 3
15 1 1
24 9 45
0 9 1
4 0 1
1 2 0
30 29 10
3 1 0
0 2 4
7 0 0
3 1 0
2 0 3
94 92 95
5 1 1
0 1 1
6 0 0
2 6 0
2 6 1
96 11 100
8 8 1
3 2 4
16 97 101
4 0 1
87 73 99
51 2 1
1 64 3
8 1 1
0 0 8
2 0 9
4 2 0
26 47 89
0 3 2
70 29 97
35 1 14
14 0 0
0 4 0
4 1 0
6 1 0
2 4 0
45 18 42
90 83 86
4 0 0
1 1 2
0 5 4
4 6 0
5 0 0
101 85 95
0 0 0
57 14 5
0 0 4
101 79 100
3 0 2
0 1 0
100 100 101
7 8 0
99 9 71
13 0 0
6 8 2
91 53 71
66 4 37
1 94 12
0 0 1
2 0 3
0 0 0
0 0 0
4 6 2
2 1 0
0 4 6
2 9 1
5 1 3
12 1 4
1 5 0
13 28 1
9 0 3
0 0 0
5 2 7
0 1 1
14 0 1
1 21 15
1 0 0
0 0 2
6 4 1
46 89 67
0 49 1
0 13 0
2 1 0
0 0 0
101 84 94
11 32 28
0 0 0
0 1 2
15 39 10
4 5 1
1 3 0
8 2 0
5 2 62
1 13 4
0 0 0
4 8 0
47 69 29
7 7 0
4 0 0
0 18 0
11 77 2
7 2 1
30 44 61
72 35 8
0 0 2
8 1 1
61 61 95
5 0 0
9 1 5
1 1 8
1 7 5
12 1 0
0 0 10
2 5 2
2 2 0
98 100 81
0 0 2
1 1 0
3 1 28
0 2 0
8 33 57
1 1 13
1 6 9
11 0 0
0 2 0
0 2 13
0 0 0
3 0 4
3 6 0
1 1 0
74 99 65
3 2 28
11 1 4
45 76 65
5 6 0
1 2 4
0 15 2
0 1 3
0 1 0
13 3 0
93 95 100
1 0 0
0 0 0
0 0 0
0 8 0
20 6 30
6 73 24
87 11 49
0 0 0
5 7 6
4 0 0
0 5 1
0 1 6
1 1 11
2 3 0
2 5 0
36 16 14
6 0 1
4 2 8
1 6 6
0 7 2
1 10 5
0 1 10
86 18 47
0 0 17
7 0 1
2 8 4
1 2 8
7 2 54
6 0 5
0 6 7
0 0 0
0 20 19
10 1 2
6 3 1
84 18 7
1 5 0
8 2 4
2 4 1
0 5 3
2 0 0
38 36 6
42 11 26
0 0 0
16 56 6
2 7 0
10 3 4
2 0 9
0 5 0
21 42 37
5 8 3
8 3 5
2 0 0
1 1 30
1 0 3
0 0 3
77 59 96
94 101 101
84 87 95
8 0 3
62 33 9
0 0 1
69 86 13
0 2 4
1 1 5
0 12 5
1 7 7
13 15 1
10 5 1
101 33 101
1 89 0
1 2 0
87 84 87
52 42 49
1 0 0
7 31 0
2 0 8
3 7 8
0 1 0
6 5 0
0 0 9
9 0 0
68 99 5
4 0 1
11 1 2
0 0 8
80 94 100
0 18 0
4 0 6
2 0 1
2 0 2
2 26 3
101 101 96
3 1 13
93 101 101
8 3 6
0 3 0
32 22 48
17 4 100
18 6 59
0 0 1
5 6 5
0 0 14
0 0 4
38 98 62
1 0 0
78 27 64
78 25 61
8 2 6
1 1 0
3 3 4
2 0 0
0 3 7
5 0 0
0 3 0
7 2 0
0 1 2
29 21 65
85 78 95
0 0 6
7 8 22
59 41 96
2 4 7
9 3 0
0 14 4
7 1 2
3 0 15
0 1 1
1 1 1
14 1 0
2 6 3
8 8 1
1 6 2
3 4 0
100 65 72
81 97 80
3 0 0
46 15 12
2 9 2
4 2 9
